  17.72121
  -0.00000
  -0.00000
   0.00000
  17.72121
   0.00000
  -0.00000
  -0.00000
  17.72121
  -4.57174
  -2.87629
  -2.87629
  -2.87629
  -4.57174
  -2.87629
  -2.87629
  -2.87629
  -4.57174
  -4.57174
   2.87629
   2.87629
   2.87629
  -4.57174
  -2.87629
   2.87629
  -2.87629
  -4.57174
  -4.57174
   2.87629
  -2.87629
   2.87629
  -4.57174
   2.87629
  -2.87629
   2.87629
  -4.57174
  -4.57174
  -2.87629
   2.87629
  -2.87629
  -4.57174
   2.87629
   2.87629
   2.87629
  -4.57174
   0.28288
   0.14144
   0.14144
  -0.14144
  -0.07072
  -0.07072
  -0.14144
  -0.07072
  -0.07072
   0.28288
  -0.14144
  -0.14144
   0.14144
  -0.07072
  -0.07072
   0.14144
  -0.07072
  -0.07072
   0.28288
   0.14144
  -0.14144
  -0.14144
  -0.07072
   0.07072
   0.14144
   0.07072
  -0.07072
   0.28288
  -0.14144
   0.14144
   0.14144
  -0.07072
   0.07072
  -0.14144
   0.07072
  -0.07072
  -0.07072
  -0.14144
  -0.07072
   0.14144
   0.28288
   0.14144
  -0.07072
  -0.14144
  -0.07072
  -0.07072
   0.14144
  -0.07072
  -0.14144
   0.28288
  -0.14144
  -0.07072
   0.14144
  -0.07072
  -0.07072
  -0.14144
   0.07072
   0.14144
   0.28288
  -0.14144
   0.07072
   0.14144
  -0.07072
  -0.07072
   0.14144
   0.07072
  -0.14144
   0.28288
   0.14144
   0.07072
  -0.14144
  -0.07072
  -0.07072
  -0.07072
  -0.14144
  -0.07072
  -0.07072
  -0.14144
   0.14144
   0.14144
   0.28288
  -0.07072
  -0.07072
   0.14144
  -0.07072
  -0.07072
   0.14144
  -0.14144
  -0.14144
   0.28288
  -0.07072
   0.07072
  -0.14144
   0.07072
  -0.07072
   0.14144
   0.14144
  -0.14144
   0.28288
  -0.07072
   0.07072
   0.14144
   0.07072
  -0.07072
  -0.14144
  -0.14144
   0.14144
   0.28288
  -0.00000
  -0.00000
  -0.00000
   0.00000
   0.00000
   0.00000
  -0.00000
  -0.00000
  -0.00000
  -0.00000
  -0.00000
  -0.00000
   0.00000
   0.00000
   0.00000
  -0.00000
  -0.00000
  -0.00000
  -0.00000
  -0.00000
  -0.00000
   0.00000
   0.00000
   0.00000
  -0.00000
  -0.00000
  -0.00000
  -0.00000
  -0.00000
  -0.00000
   0.00000
   0.00000
   0.00000
  -0.00000
  -0.00000
  -0.00000
  -0.00000
  -0.00000
  -0.00000
   0.00000
   0.00000
   0.00000
  -0.00000
  -0.00000
  -0.00000
  -0.00000
  -0.00000
  -0.00000
   0.00000
   0.00000
   0.00000
  -0.00000
  -0.00000
  -0.00000
  -0.00000
  -0.00000
  -0.00000
   0.00000
   0.00000
   0.00000
  -0.00000
  -0.00000
  -0.00000
  -0.00000
  -0.00000
  -0.00000
   0.00000
   0.00000
   0.00000
  -0.00000
  -0.00000
  -0.00000
  -0.00000
  -0.00000
  -0.00000
   0.00000
   0.00000
   0.00000
  -0.00000
  -0.00000
  -0.00000
  -0.00000
  -0.00000
  -0.00000
   0.00000
   0.00000
   0.00000
  -0.00000
  -0.00000
  -0.00000
  -0.00000
  -0.00000
  -0.00000
   0.00000
   0.00000
   0.00000
  -0.00000
  -0.00000
  -0.00000
  -0.00000
  -0.00000
  -0.00000
   0.00000
   0.00000
   0.00000
  -0.00000
  -0.00000
  -0.00000
  -4.57174
  -2.87629
  -2.87629
  -2.87629
  -4.57174
  -2.87629
  -2.87629
  -2.87629
  -4.57174
  17.72121
   0.00000
   0.00000
  -0.00000
  17.72121
  -0.00000
  -0.00000
  -0.00000
  17.72121
   0.28288
   0.14144
   0.14144
  -0.14144
  -0.07072
  -0.07072
  -0.14144
  -0.07072
  -0.07072
  -0.07072
  -0.14144
  -0.07072
   0.14144
   0.28288
   0.14144
  -0.07072
  -0.14144
  -0.07072
  -0.07072
  -0.07072
  -0.14144
  -0.07072
  -0.07072
  -0.14144
   0.14144
   0.14144
   0.28288
  -4.57174
   2.87629
   2.87629
   2.87629
  -4.57174
  -2.87629
   2.87629
  -2.87629
  -4.57174
  -0.00000
  -0.00000
  -0.00000
  -0.00000
  -0.00000
  -0.00000
  -0.00000
  -0.00000
  -0.00000
  -0.00000
  -0.00000
  -0.00000
  -0.00000
  -0.00000
  -0.00000
  -0.00000
  -0.00000
  -0.00000
  -4.57174
   2.87629
  -2.87629
   2.87629
  -4.57174
   2.87629
  -2.87629
   2.87629
  -4.57174
  -0.00000
  -0.00000
  -0.00000
  -0.00000
  -0.00000
  -0.00000
  -0.00000
  -0.00000
  -0.00000
  -0.00000
  -0.00000
  -0.00000
  -0.00000
  -0.00000
  -0.00000
  -0.00000
  -0.00000
  -0.00000
  -4.57174
  -2.87629
   2.87629
  -2.87629
  -4.57174
   2.87629
   2.87629
   2.87629
  -4.57174
  -0.00000
  -0.00000
  -0.00000
  -0.00000
  -0.00000
  -0.00000
  -0.00000
  -0.00000
  -0.00000
  -0.00000
  -0.00000
  -0.00000
  -0.00000
  -0.00000
  -0.00000
  -0.00000
  -0.00000
  -0.00000
   0.28288
  -0.14144
   0.14144
   0.14144
  -0.07072
   0.07072
  -0.14144
   0.07072
  -0.07072
   0.28288
   0.14144
  -0.14144
  -0.14144
  -0.07072
   0.07072
   0.14144
   0.07072
  -0.07072
  -0.07072
   0.14144
   0.07072
  -0.14144
   0.28288
   0.14144
   0.07072
  -0.14144
  -0.07072
  -0.07072
  -0.14144
   0.07072
   0.14144
   0.28288
  -0.14144
   0.07072
   0.14144
  -0.07072
  -0.07072
   0.07072
   0.14144
   0.07072
  -0.07072
  -0.14144
  -0.14144
   0.14144
   0.28288
  -0.07072
   0.07072
  -0.14144
   0.07072
  -0.07072
   0.14144
   0.14144
  -0.14144
   0.28288
   0.28288
  -0.14144
  -0.14144
   0.14144
  -0.07072
  -0.07072
   0.14144
  -0.07072
  -0.07072
  -0.07072
   0.14144
  -0.07072
  -0.14144
   0.28288
  -0.14144
  -0.07072
   0.14144
  -0.07072
  -0.07072
  -0.07072
   0.14144
  -0.07072
  -0.07072
   0.14144
  -0.14144
  -0.14144
   0.28288
