   0.30407
  -0.33267
  -0.30134
  -0.33267
   0.00000
 -27.36801
  -0.30134
 -27.36801
  -0.10050
   0.10058
  -0.09955
 -27.14837
  -0.09955
   0.40458
  -0.08150
 -27.14837
  -0.08150
   0.10058
  -0.10051
 -27.38187
  -0.29721
 -27.38187
   0.00000
  -0.34507
  -0.29721
  -0.34507
   0.30460
   4.92252
   4.38957
   4.37132
   4.61013
   4.53428
   7.19213
   4.59164
   7.19197
   4.53429
   4.53423
   4.61021
   7.19211
   4.38955
   4.92252
   4.37130
   7.19196
   4.59172
   4.53423
   4.53001
   7.21131
   4.59656
   7.21131
   4.53001
   4.59656
   4.37158
   4.37158
   4.92252
   5.14541
  -4.36510
  -4.36697
  -4.51423
   4.67345
   7.04361
  -4.51343
   7.04149
   4.67239
  -4.75728
   4.58113
   7.17549
   4.29578
  -5.03016
  -4.24106
   7.10698
  -4.45542
  -4.67237
  -4.75305
   7.17879
   4.59149
   7.10816
  -4.66599
  -4.45858
   4.29783
  -4.24268
  -5.02907
  -5.01824
   4.40089
  -4.22107
   4.58113
  -4.53429
   7.17547
  -4.43540
   7.19428
  -4.66049
   4.66153
  -4.61938
   7.02363
  -4.36505
   4.92252
  -4.36691
   7.02147
  -4.60085
   4.66047
  -4.65411
   7.21323
  -4.43858
   7.17879
  -4.53003
   4.59153
  -4.22267
   4.38516
  -5.01716
  -5.03013
  -4.25600
   4.29571
  -4.47298
  -4.67347
   7.10803
   4.58287
   7.17532
  -4.75733
  -4.67345
  -4.47300
   7.10804
  -4.25597
  -5.03016
   4.29565
   7.17536
   4.58292
  -4.75728
   4.66602
   7.05999
  -4.51930
   7.05999
   4.66601
  -4.51929
  -4.36669
  -4.36669
   5.14541
   4.92252
   4.61013
   4.59164
   4.38957
   4.53428
   7.19197
   4.37132
   7.19213
   4.53429
   4.53423
   4.38955
   7.19196
   4.61021
   4.92252
   4.59172
   7.19211
   4.37130
   4.53423
   4.53001
   7.21131
   4.37158
   7.21131
   4.53001
   4.37158
   4.59656
   4.59656
   4.92252
  -4.97598
  -4.38253
  -4.38064
  -4.38253
  -4.43442
  -6.97891
  -4.38064
  -6.97891
  -4.43442
  -4.43443
  -4.38253
  -6.97882
  -4.38253
  -4.97592
  -4.38064
  -6.97882
  -4.38064
  -4.43443
  -4.43442
  -6.97830
  -4.38382
  -6.97830
  -4.43442
  -4.38382
  -4.38382
  -4.38382
  -4.97599
  -1.29564
   0.07059
   0.07059
  -0.06631
  -0.23471
  -0.55147
  -0.06631
  -0.55147
  -0.23471
   0.00000
   0.15624
  -0.05209
   0.15624
  -0.00000
   0.10415
  -0.05209
  -0.10415
   0.00000
  -0.00000
  -0.05210
   0.15629
  -0.05210
   0.00000
  -0.10419
   0.15627
   0.10419
   0.00002
   0.00002
   0.15627
   0.10419
   0.15629
  -0.00000
  -0.05210
  -0.10419
  -0.05210
   0.00000
  -0.23473
  -0.06631
  -0.55145
   0.07059
  -1.29562
   0.07059
  -0.55145
  -0.06631
  -0.23473
   0.00000
  -0.05210
  -0.10419
  -0.05210
  -0.00000
   0.15629
   0.10419
   0.15627
   0.00002
   0.00002
   0.10419
   0.15627
  -0.10419
   0.00000
  -0.05210
   0.15629
  -0.05210
  -0.00000
   0.00000
  -0.10415
  -0.05209
   0.10415
  -0.00000
   0.15624
  -0.05209
   0.15624
   0.00000
  -0.23897
  -0.54187
  -0.06631
  -0.54187
  -0.23897
  -0.06631
   0.06631
   0.06631
  -1.29564
   5.14541
  -4.51423
  -4.51343
  -4.36510
   4.67345
   7.04149
  -4.36697
   7.04361
   4.67239
  -4.75728
   4.29578
   7.10698
   4.58113
  -5.03016
  -4.45542
   7.17549
  -4.24106
  -4.67237
  -4.75305
   7.10816
   4.29783
   7.17879
  -4.66599
  -4.24268
   4.59149
  -4.45858
  -5.02907
  -1.29564
  -0.06631
  -0.06631
   0.07059
  -0.23471
  -0.55147
   0.07059
  -0.55147
  -0.23471
   0.00000
   0.15624
  -0.05209
   0.15624
  -0.00000
  -0.10415
  -0.05209
   0.10415
   0.00000
  -0.00000
  -0.05210
   0.15627
  -0.05210
   0.00000
   0.10419
   0.15629
  -0.10419
   0.00002
  -4.97604
   4.63684
   4.61870
   4.63684
  -4.39283
  -7.02827
   4.61870
  -7.02827
  -4.39283
   4.43448
  -4.64104
  -7.21646
  -4.64104
   4.95832
   4.43732
  -7.21646
   4.43732
   4.39284
   4.43448
  -7.23925
  -4.62283
  -7.23925
   4.39390
   4.44213
  -4.62283
   4.44213
   4.95830
   0.00002
  -0.10419
  -0.15629
   0.10419
  -0.00000
  -0.05208
  -0.15627
  -0.05210
   0.00000
   0.00000
  -0.10415
  -0.05209
   0.10415
  -0.00000
  -0.15624
  -0.05209
  -0.15624
  -0.00000
   0.23897
  -0.54659
  -0.06260
  -0.53921
   0.23897
   0.06684
   0.06684
  -0.06260
   1.28495
   0.00002
  -0.15629
  -0.10419
  -0.15627
   0.00000
  -0.05210
   0.10419
  -0.05208
  -0.00000
   0.23473
  -0.06256
  -0.54661
   0.06733
   1.28496
  -0.06256
  -0.54774
   0.06734
   0.23473
  -0.00000
  -0.05210
  -0.10419
  -0.05208
   0.00000
  -0.15629
   0.10419
  -0.15629
   0.00002
  -5.01824
   4.58113
  -4.43540
   4.40089
  -4.53429
   7.19428
  -4.22107
   7.17547
  -4.66049
   4.66153
  -4.36505
   7.02147
  -4.61938
   4.92252
  -4.60085
   7.02363
  -4.36691
   4.66047
  -4.65411
   7.17879
  -4.22267
   7.21323
  -4.53003
   4.38516
  -4.43858
   4.59153
  -5.01716
   0.00002
   0.15629
  -0.10419
   0.15627
   0.00000
  -0.05210
   0.10419
  -0.05210
   0.00000
  -0.23473
   0.07059
  -0.55145
  -0.06631
  -1.29562
  -0.06631
  -0.55145
   0.07059
  -0.23473
   0.00000
  -0.05210
   0.10419
  -0.05210
   0.00000
   0.15627
  -0.10419
   0.15629
   0.00002
   0.00002
   0.10419
  -0.15627
  -0.10419
  -0.00000
  -0.05210
  -0.15629
  -0.05208
   0.00000
   0.00000
   0.10415
  -0.05209
  -0.10415
  -0.00000
  -0.15624
  -0.05209
  -0.15624
  -0.00000
   0.23897
  -0.53921
   0.06684
  -0.54659
   0.23897
  -0.06260
  -0.06260
   0.06684
   1.28495
   4.95823
  -4.64105
   4.43734
  -4.64105
   4.43442
  -7.21653
   4.43734
  -7.21653
   4.39278
  -4.39281
   4.63689
  -7.02820
   4.63689
  -4.97592
   4.61875
  -7.02820
   4.61875
  -4.39282
   4.39384
  -7.23926
   4.44213
  -7.23926
   4.43442
  -4.62285
   4.44213
  -4.62285
   4.95824
   1.28495
   0.06737
  -0.06260
  -0.06260
   0.23471
  -0.54659
   0.06737
  -0.54773
   0.23471
   0.00000
  -0.15624
  -0.05209
  -0.15624
  -0.00000
  -0.10415
  -0.05209
   0.10415
  -0.00000
  -0.00000
  -0.05208
  -0.15629
  -0.05210
  -0.00000
  -0.10419
  -0.15629
   0.10419
   0.00002
  -5.03013
  -4.47298
   4.58287
  -4.25600
  -4.67347
   7.17532
   4.29571
   7.10803
  -4.75733
  -4.67345
  -4.25597
   7.17536
  -4.47300
  -5.03016
   4.58292
   7.10804
   4.29565
  -4.75728
   4.66602
   7.05999
  -4.36669
   7.05999
   4.66601
  -4.36669
  -4.51930
  -4.51929
   5.14541
   0.00002
  -0.10419
   0.15629
   0.10419
   0.00000
  -0.05210
   0.15627
  -0.05210
  -0.00000
   0.00000
   0.10415
  -0.05209
  -0.10415
  -0.00000
   0.15624
  -0.05209
   0.15624
  -0.00000
  -0.23897
  -0.54187
   0.06631
  -0.54187
  -0.23897
   0.06631
  -0.06631
  -0.06631
  -1.29564
   0.00002
  -0.15627
   0.10419
  -0.15629
   0.00000
  -0.05208
  -0.10419
  -0.05210
  -0.00000
   0.23473
   0.06733
  -0.54774
  -0.06256
   1.28496
   0.06734
  -0.54661
  -0.06256
   0.23473
  -0.00000
  -0.05208
   0.10419
  -0.05210
  -0.00000
  -0.15629
  -0.10419
  -0.15629
   0.00002
   1.28495
  -0.06260
   0.06737
   0.06737
   0.23471
  -0.54773
  -0.06260
  -0.54659
   0.23471
   0.00000
  -0.15624
  -0.05209
  -0.15624
  -0.00000
   0.10415
  -0.05209
  -0.10415
  -0.00000
  -0.00000
  -0.05210
  -0.15629
  -0.05208
  -0.00000
   0.10419
  -0.15629
  -0.10419
   0.00002
   4.95830
   4.43557
  -4.61963
   4.43557
   4.39283
  -7.21970
  -4.61963
  -7.21970
   4.43447
   4.39285
   4.43556
  -7.21965
   4.43556
   4.95832
  -4.61966
  -7.21965
  -4.61966
   4.43448
  -4.39390
  -7.02650
   4.61870
  -7.02650
  -4.39390
   4.61870
   4.61870
   4.61870
  -4.97603
   4.86343
   4.74658
   4.74817
   4.74658
   4.33426
   7.33243
   4.74817
   7.33243
   4.33426
   4.33430
   4.74659
   7.33240
   4.74659
   4.86342
   4.74817
   7.33240
   4.74817
   4.33429
   4.33430
   7.33074
   4.74857
   7.33074
   4.33430
   4.74857
   4.74857
   4.74857
   4.86342
  -4.91151
  -4.60741
  -4.58768
  -4.38887
  -4.53295
  -7.18829
  -4.37044
  -7.18950
  -4.53189
  -4.53297
  -4.38881
  -7.18828
  -4.60747
  -4.91146
  -4.58773
  -7.18950
  -4.37042
  -4.53190
  -4.52977
  -7.20894
  -4.37283
  -7.20894
  -4.52977
  -4.37283
  -4.58946
  -4.58946
  -4.91040
   1.28497
  -0.06677
  -0.06677
   0.05835
   0.23955
   0.55143
   0.05831
   0.55147
   0.23959
  -0.00000
  -0.15628
   0.05209
  -0.15628
  -0.00000
  -0.10419
   0.05209
   0.10419
   0.00000
  -0.00000
   0.05209
  -0.15628
   0.05209
  -0.00000
   0.10419
  -0.15628
  -0.10419
   0.00000
   0.00000
  -0.15628
  -0.10419
  -0.15628
  -0.00000
   0.05209
   0.10419
   0.05211
   0.00000
   0.23958
   0.05835
   0.55147
  -0.06677
   1.28497
  -0.06677
   0.55147
   0.05833
   0.23958
  -0.00000
   0.05209
   0.10419
   0.05209
  -0.00000
  -0.15628
  -0.10419
  -0.15628
   0.00000
   0.00000
  -0.10419
  -0.15628
   0.10419
   0.00000
   0.05209
  -0.15628
   0.05209
   0.00002
   0.00000
   0.10419
   0.05209
  -0.10419
   0.00000
  -0.15628
   0.05209
  -0.15628
   0.00000
   0.23006
   0.54614
   0.05831
   0.54614
   0.23006
   0.05831
  -0.06684
  -0.06684
   1.28497
  -4.91151
  -4.38887
  -4.37044
  -4.60741
  -4.53295
  -7.18950
  -4.58768
  -7.18829
  -4.53189
  -4.53297
  -4.60747
  -7.18950
  -4.38881
  -4.91146
  -4.37042
  -7.18828
  -4.58773
  -4.53190
  -4.52977
  -7.20894
  -4.58946
  -7.20894
  -4.52977
  -4.58946
  -4.37283
  -4.37283
  -4.91040
  -0.30517
  -0.23234
  -0.30412
  -0.23234
   0.00000
  27.14260
  -0.30412
  27.14260
   0.00000
   0.00000
  -0.23234
  27.14259
  -0.23234
  -0.30516
  -0.30412
  27.14259
  -0.30412
   0.00000
   0.00000
  27.06731
  -0.09810
  27.06731
   0.00000
  -0.09810
  -0.09810
  -0.09810
  -0.30516
  -4.91146
   4.26593
   4.26780
   4.58203
  -4.64560
  -7.09795
   4.70591
  -7.08497
  -4.64680
   4.53297
  -4.48288
  -7.07888
  -4.36966
   4.99821
   4.28525
  -7.30311
   4.48407
   4.64678
   4.52977
  -7.07755
  -4.48848
  -7.18766
   4.64552
   4.50096
  -4.49496
   4.27161
   4.99941
   4.99821
  -4.36965
   4.28525
  -4.48288
   4.53293
  -7.07888
   4.48407
  -7.30314
   4.64678
  -4.64558
   4.58201
  -7.09793
   4.26596
  -4.91146
   4.26783
  -7.08494
   4.70589
  -4.64678
   4.64552
  -7.18766
   4.50096
  -7.07755
   4.52977
  -4.48848
   4.27161
  -4.49496
   4.99941
   4.99821
   4.28500
  -4.35535
   4.49680
   4.64558
  -7.16820
  -4.48368
  -7.07782
   4.53187
   4.64558
   4.49680
  -7.16817
   4.28500
   4.99821
  -4.35536
  -7.07781
  -4.48368
   4.53190
  -4.64552
  -7.09861
   4.57300
  -7.09861
  -4.64552
   4.57300
   4.26942
   4.26942
  -4.91039
   1.28497
   0.05835
   0.05831
  -0.06677
   0.23955
   0.55147
  -0.06677
   0.55143
   0.23959
  -0.00000
  -0.15628
   0.05209
  -0.15628
  -0.00000
   0.10419
   0.05209
  -0.10419
   0.00000
  -0.00000
   0.05209
  -0.15628
   0.05209
   0.00000
  -0.10419
  -0.15628
   0.10419
   0.00000
  -4.91146
   4.58203
   4.70591
   4.26593
  -4.64560
  -7.08497
   4.26780
  -7.09795
  -4.64680
   4.53297
  -4.36966
  -7.30311
  -4.48288
   4.99821
   4.48407
  -7.07888
   4.28525
   4.64678
   4.52977
  -7.18766
  -4.49496
  -7.07755
   4.64552
   4.27161
  -4.48848
   4.50096
   4.99941
   4.86342
  -4.58830
  -4.58537
  -4.58830
   4.44000
   7.23304
  -4.58537
   7.23304
   4.44000
  -4.33430
   4.58992
   7.18534
   4.58992
  -4.95974
  -4.64057
   7.18534
  -4.64057
  -4.44001
  -4.33430
   7.17735
   4.59019
   7.17735
  -4.44534
  -4.64725
   4.59019
  -4.64725
  -4.95974
  -0.00000
   0.10417
   0.15628
  -0.10419
   0.00001
   0.05209
   0.15628
   0.05211
   0.00000
  -0.00000
   0.10417
   0.05209
  -0.10419
  -0.00000
   0.15628
   0.05209
   0.15628
   0.00000
  -0.23006
   0.55626
   0.06684
   0.56273
  -0.23006
  -0.06257
  -0.06257
   0.06684
  -1.29563
  -0.00000
   0.15628
   0.10417
   0.15628
   0.00000
   0.05211
  -0.10419
   0.05209
   0.00001
  -0.23958
   0.06684
   0.55626
  -0.06684
  -1.29563
   0.06684
   0.55193
  -0.06684
  -0.23958
  -0.00000
   0.05209
   0.10417
   0.05209
   0.00000
   0.15628
  -0.10419
   0.15628
  -0.00000
   0.00000
  -0.15628
   0.10419
  -0.15628
  -0.00000
   0.05211
  -0.10419
   0.05209
   0.00000
   0.23958
  -0.06677
   0.55147
   0.05835
   1.28497
   0.05833
   0.55147
  -0.06677
   0.23958
   0.00000
   0.05209
  -0.10419
   0.05209
  -0.00000
  -0.15628
   0.10419
  -0.15628
   0.00000
   4.99821
  -4.48288
   4.48407
  -4.36965
   4.53293
  -7.30314
   4.28525
  -7.07888
   4.64678
  -4.64558
   4.26596
  -7.08494
   4.58201
  -4.91146
   4.70589
  -7.09793
   4.26783
  -4.64678
   4.64552
  -7.07755
   4.27161
  -7.18766
   4.52977
  -4.49496
   4.50096
  -4.48848
   4.99941
  -0.00000
  -0.10419
   0.15628
   0.10417
   0.00001
   0.05211
   0.15628
   0.05209
   0.00000
  -0.00000
  -0.10419
   0.05209
   0.10417
  -0.00000
   0.15628
   0.05209
   0.15628
  -0.00000
  -0.23006
   0.56273
  -0.06257
   0.55626
  -0.23006
   0.06684
   0.06684
  -0.06257
  -1.29563
  -4.95974
   4.58992
  -4.64057
   4.58992
  -4.33430
   7.18534
  -4.64057
   7.18534
  -4.44001
   4.44001
  -4.58828
   7.23305
  -4.58828
   4.86342
  -4.58535
   7.23305
  -4.58535
   4.44001
  -4.44534
   7.17735
  -4.64725
   7.17735
  -4.33430
   4.59019
  -4.64725
   4.59019
  -4.95974
  -1.29563
  -0.06684
   0.06684
   0.06684
  -0.23958
   0.55626
  -0.06684
   0.55193
  -0.23958
   0.00000
   0.15628
   0.05209
   0.15628
  -0.00000
   0.10417
   0.05209
  -0.10419
  -0.00000
   0.00000
   0.05209
   0.15628
   0.05209
  -0.00000
   0.10417
   0.15628
  -0.10419
  -0.00000
   0.00000
   0.10419
  -0.15628
  -0.10419
   0.00000
   0.05209
  -0.15628
   0.05209
   0.00002
   0.00000
  -0.10419
   0.05209
   0.10419
  -0.00000
  -0.15628
   0.05209
  -0.15628
   0.00000
   0.23006
   0.54614
  -0.06684
   0.54614
   0.23006
  -0.06684
   0.05831
   0.05831
   1.28497
   4.99821
   4.49680
  -4.48368
   4.28500
   4.64558
  -7.07782
  -4.35535
  -7.16820
   4.53187
   4.64558
   4.28500
  -7.07781
   4.49680
   4.99821
  -4.48368
  -7.16817
  -4.35536
   4.53190
  -4.64552
  -7.09861
   4.26942
  -7.09861
  -4.64552
   4.26942
   4.57300
   4.57300
  -4.91039
  -0.00000
   0.15628
  -0.10419
   0.15628
   0.00000
   0.05209
   0.10417
   0.05211
   0.00001
  -0.23958
  -0.06684
   0.55193
   0.06684
  -1.29563
  -0.06684
   0.55626
   0.06684
  -0.23958
  -0.00000
   0.05209
  -0.10419
   0.05209
   0.00000
   0.15628
   0.10417
   0.15628
  -0.00000
  -1.29563
   0.06684
  -0.06684
  -0.06684
  -0.23958
   0.55193
   0.06684
   0.55626
  -0.23958
  -0.00000
   0.15628
   0.05209
   0.15628
  -0.00000
  -0.10419
   0.05209
   0.10417
  -0.00000
   0.00000
   0.05209
   0.15628
   0.05209
  -0.00000
  -0.10419
   0.15628
   0.10417
  -0.00000
  -4.95974
  -4.63620
   4.58965
  -4.63620
  -4.44001
   7.18241
   4.58965
   7.18241
  -4.33430
  -4.44001
  -4.63620
   7.18241
  -4.63620
  -4.95974
   4.58965
   7.18241
   4.58965
  -4.33430
   4.44534
   7.22160
  -4.58875
   7.22160
   4.44534
  -4.58875
  -4.58875
  -4.58875
   4.86342
