240 Out of 2592 Normal Mode Frequencies in 1/ps for a 6x6x6 Ar Lattice.
   11.519885   11.519885   11.519885   11.519885    5.307159    5.307159    5.307159    5.307159    5.307159    5.307159    5.307159    5.307159
   11.246864   11.246864   11.246864   11.246864    5.893692    5.893692    5.893692    5.893692    5.305451    5.305451    5.305451    5.305451
   10.501043   10.501043   10.501043   10.501043    7.187726    7.187726    7.187726    7.187726    5.302033    5.302033    5.302033    5.302033
    9.830559    9.830559    9.830559    9.830559    8.102424    8.102424    8.102424    8.102424    5.300324    5.300324    5.300324    5.300324
   11.259407   11.259407   10.722465   10.722465    6.767924    6.767924    5.837777    5.837777    5.394909    5.394909    5.364275    5.364275
   10.755348   10.755348    9.832301    9.832301    8.109289    8.109289    6.273388    6.273388    6.187950    6.187950    5.027074    5.027074
   10.126992   10.126992    9.187767    9.187767    9.075771    9.075771    6.986995    6.986995    6.298068    6.298068    4.895418    4.895418
   10.549383   10.549383    9.011990    9.011990    8.924872    8.924872    7.031006    7.031006    5.563769    5.563769    5.509322    5.509322
   10.078549   10.078549    9.723414    9.723414    8.353065    8.353065    7.350755    7.350755    6.035002    6.035002    5.242862    5.242862
    9.949286    9.949286    9.949286    9.949286    7.850266    7.850266    7.843807    7.843807    5.645077    5.645077    5.645077    5.645077
   11.052508   11.052508   11.052508    9.874018    6.915458    6.915458    6.915458    6.080234    6.080234    6.080234    4.602619    4.602619
   10.786339   10.517897   10.517897    8.704478    8.569670    7.549597    7.549597    6.534967    6.317616    6.317616    5.044439    3.915873
   10.115299   10.115299    9.976028    9.880068    8.065786    8.065786    7.908692    6.693550    6.360088    6.360088    5.699367    3.630359
   10.692741   10.692741   10.149952    8.773151    8.773151    7.337534    7.170374    7.130375    7.130375    6.676738    4.151444    3.718400
   10.636451   10.581452    9.940501    9.399408    8.769351    7.463408    7.391352    7.231078    6.699780    6.435281    4.521630    3.423545
   10.793437   10.793437    9.826782    9.012806    9.012806    7.876245    7.876245    6.898994    6.898994    5.399408    4.002433    4.002433
   10.907816   10.907816   10.907816    8.310070    8.310070    8.310070    7.383546    7.383546    7.383546    5.580534    2.664795    2.664795
   11.160827   10.994765   10.994765    8.715623    7.991416    7.991416    7.625682    7.616530    7.616530    4.380827    2.941628    1.835517
   11.363936   11.363936   11.117176    8.251952    8.251952    7.927949    7.927949    7.685495    7.685495    2.732207    2.076613    2.076613
   11.563961   11.563961   11.563961    7.953675    7.953675    7.953675    7.953675    7.953675    7.953675    0.000000    0.000000    0.000000
