240 Out of 2592 Velocities in m/s for a 6x6x6 Ar Lattice.
      0.1323      0.1323      0.1323      0.1323      0.1323      0.1323      0.1323      0.1323      0.1323      0.1323      0.1323      0.1323     -0.3046     -0.3046     -0.3046     -0.3046     -0.3046     -0.2942     -0.3046     -0.3043     -0.2817     -0.2978     -0.2282     -0.2282     -0.0059     -0.0755     -0.0755      0.0009      0.0007     -0.0220      0.0009      0.0009     -0.0095      0.0009      0.0009      0.0009
   -141.7796   -141.7796    271.9618   -141.7796   -141.7796    271.9618    142.0278    142.0278    271.9618    142.0278    142.0278    271.9618   -314.3716   -314.3716   -546.6186   -314.3716   -314.3716   -546.6186    314.2197    314.2197   -546.6186    314.2197    314.2197   -546.6186   -197.8259   -197.8259      1.5726   -197.8259   -197.8259      1.5726    197.4861    197.4861      1.5726    197.4861    197.4861      1.5726
   -242.5272   -242.5272    456.0140   -242.5272   -242.5272    456.0140    242.7287    242.7287    456.0140    242.7287    242.7287    456.0140   -473.8382   -473.8382   -688.8838   -473.8382   -473.8382   -688.8838    473.8416    473.8416   -688.8838    473.8416    473.8416   -688.8838   -343.1155   -343.1155      1.5736   -343.1155   -343.1155      1.5736    342.8053    342.8053      1.5736    342.8053    342.8053      1.5736
   -244.6607   -244.6607      0.5241   -244.6607   -244.6607      0.5241    244.8306    244.8306      0.5241    244.8306    244.8306      0.5241   -550.1389   -550.1389     -0.6473   -550.1389   -550.1389     -0.6473    550.2115    550.2115     -0.6473    550.2115    550.2115     -0.6473   -396.5168   -396.5168      0.0009   -396.5168   -396.5168      0.0009    396.2216    396.2216      0.0009    396.2216    396.2216      0.0009
      0.1013    130.0228    130.0228      0.1013    130.0228    130.0228   -309.3505    379.4501    379.4501    309.6012    379.4501    379.4501     -0.0540   -600.5735   -600.5735     -0.0540   -600.5735   -600.5735     -0.1457   -249.4066   -249.4066     -0.1457   -249.4066   -249.4066   -388.5351    -39.8648    -39.8648    388.5896    -39.8648    -39.8648   -654.3820    -27.3322    -27.3322    654.0044    -27.3322    -27.3322
    -67.2111    -11.5427    365.8907     67.3154    -11.5427    365.8907   -471.2891    422.7486    485.4652    471.5038    422.7486    485.4652   -275.8549   -460.7718   -695.2732    275.9052   -460.7718   -695.2732   -636.4547    439.2546   -537.5008    636.4396    439.2546   -537.5008    -58.1211   -495.0834   -112.8695     57.8750   -495.0834   -112.8695   -691.4122    -83.3188    129.3698    691.3405    -83.3188    129.3698
    -56.6178    -55.3444      0.6246     56.7451    -55.3444      0.6246   -568.5567    395.8538      0.4374    568.7274    395.8538      0.4374   -504.6142   -422.6717     -0.7919    504.6707   -422.6717     -0.7919   -619.2252    556.3325     -0.4788    619.3302    556.3325     -0.4788    -84.5440   -568.0098     -0.0520     84.3114   -568.0098     -0.0520   -755.8195     -4.4258      0.0648    755.7441     -4.4258      0.0648
     -0.0852    213.9188    213.9188     -0.0852    213.9188    213.9188      0.1323   -453.2975   -453.2975      0.1323   -453.2975   -453.2975   -725.3868    458.3679    458.3679    725.5619    458.3679    458.3679     -0.0494   -317.8690   -317.8690     -0.0494   -317.8690   -317.8690   -652.5988    -37.8902    -37.8902    652.7449    -37.8902    -37.8902   -920.9077    -44.9410    -44.9410    920.9860    -44.9410    -44.9410
   -322.4290     84.2580      0.7694    322.4884     84.2580      0.7694   -479.2974   -226.7921     -0.8869    479.3470   -226.7921     -0.8869   -906.6929    414.4725      0.3580    906.8489    414.4725      0.3580    -25.2926   -451.3856     -0.1546     25.2164   -451.3856     -0.1546   -700.6790    373.8547     -0.3305    700.8341    373.8547     -0.3305   -854.4346   -289.1130      0.1461    854.6182   -289.1130      0.1461
   -471.1412      0.0908      0.0908   -471.1412      0.0895      0.0585    471.1889     -0.1074     -0.0764    471.1889     -0.1087     -0.1087     -0.0136     -0.2710     -0.2710     -0.0136     -0.2711     -0.2711  -1144.9602      0.3124      0.3125   1145.1803      0.3124      0.3124   -742.7424      0.1967      0.1967   -742.7424      0.1966      0.1799    742.9285     -0.2696     -0.2528    742.9285     -0.2697     -0.2697
     92.4091     92.4091     92.4091    203.8544    203.8544    203.8544     92.3491     92.3491     92.3491    536.6079    536.6079    536.6079   -521.1394   -521.1394   -521.1394   -183.1370   -183.1370   -183.1370   -521.2638   -521.2638   -521.2638   -240.6394   -240.6394   -240.6394   -184.3769   -184.3769   -184.3769   -240.6753   -240.6753   -240.6753    233.2573    233.2573    233.2573    233.5550    233.5550    233.5550
     28.5519     28.5519    288.6414    -24.9750    -24.9750    306.9573    -25.0651    -25.0651    306.9573    657.5593    657.5593    607.3165   -177.4812   -177.4812   -787.2774   -193.3156   -193.3156   -400.9193   -193.3511   -193.3511   -400.9193   -272.8525   -272.8525   -159.2103   -364.5504   -364.5504    -53.2153   -364.7499   -364.7499    -53.2153    597.7390    597.7390   -434.3125    349.1157    349.1157    272.3664
   -153.5579   -153.5579      0.2627   -153.6151   -153.6151      0.2627   -393.7235   -393.7235      6.2138    192.4602    192.4602     -6.4560     17.0132     17.0132     -0.3264     16.8820     16.8820     -0.3264    717.3380    717.3380      0.5394   -302.5933   -302.5933     -0.0763   -408.6453   -408.6453     -0.0159   -408.8066   -408.8066     -0.0159    662.0091    662.0091     -0.4867    444.6253    444.6253      0.1448
   -117.2227     39.5663     39.5663   -117.2227     39.4667     39.4667   -509.1638    180.7575    180.7575    210.6488   -284.3068   -284.3068    210.6488   -284.3748   -284.3748    870.8066    687.9360    687.9360   -734.2598     57.3864     57.3864    -96.6042   -277.8979   -277.8979    -96.6042   -277.8258   -277.8258   -468.4450   -109.7991   -109.7991    764.2317     76.1637     76.1637    828.6976     77.0824     77.0824
   -237.2031   -165.2690      0.0297   -376.3189   -212.6632      0.1191   -686.6940     96.5931      0.1177    356.8636    276.6870     -0.3699    465.6775   -244.8882      0.0241    -78.9799   -406.2058     -0.1883    -69.8367   -369.6047     -0.1230   -503.7879    321.4581     -0.0940   -610.8341   -174.9955      0.0359   1024.2043    745.9377      0.6243    816.7496    484.7663     -0.4447    953.2563   -236.6240      0.2140
   -370.4701     -0.0716     -0.0716   -370.4701     -0.1021     -0.1021   -847.6165      0.0642      0.0642    456.3082      0.2814      0.2814    456.3082     -0.1169     -0.1169    -23.8770     -0.2670     -0.2670    -23.8770     -0.2674     -0.2674   -523.3440      0.1658      0.1658   -523.3440     -0.1090     -0.1090   1315.1412      0.8183      0.8183    915.6829      0.2696      0.2696    915.6829     -0.6248     -0.6248
   -171.0689   -171.0689   -171.0689    -85.0051    -85.0051    -85.0051   -171.1565   -171.1565   -171.1565    -85.1864    -85.1864    -85.1864    234.2341    234.2341    234.2341    -85.3862    -85.3862    -85.3862   -197.4016   -197.4016   -197.4016   -150.8061   -150.8061   -150.8061   -197.5226   -197.5226   -197.5226    874.8721    874.8721    874.8721    407.5538    407.5538    407.5538    407.8800    407.8800    407.8800
   -203.7124   -203.7124     -0.1202   -246.8635   -246.8635     -0.0428   -246.9719   -246.9719     -0.0428    325.0583    325.0583     -0.1964     17.4033     17.4033      0.2524     17.1680     17.1680      0.2524   -164.2423   -164.2423     -0.1161   -189.8476   -189.8476     -0.2100   -189.9709   -189.9709     -0.2100   1039.4985   1039.4985      0.9351    730.5896    730.5896     -0.5404    462.9186    462.9186      0.4961
   -200.6188     -0.0978     -0.0978   -200.6188     -0.1779     -0.1779   -449.3519     -0.0586     -0.0586    290.0878      0.4484      0.4484    290.0878     -0.1249     -0.1249    -23.7213     -0.2562     -0.2496    -23.7213     -0.2629     -0.2695   -270.6661      0.1522      0.1522   -270.6661     -0.0352     -0.0352   1378.7994      2.2071      2.2071   1027.9310      0.5099      0.5099   1027.9310     -1.6527     -1.6527
     -0.0963     -0.0963     -0.0963     -0.0963     -0.1146     -0.0964     -0.2146     -0.1964     -0.2146      0.1482      0.1482      0.1482      0.0694      0.0871      0.1453     -0.0134      0.0138     -0.0134     -0.0142     -0.0134     -0.0662     -0.0488     -0.0945     -0.0728     -0.1284     -0.1284     -0.1284   1390.0890   1390.0890   1388.7812   1067.0921   1067.0921   1068.7936   1067.0921   1067.0921   1067.0921
