Initial Guess from Harmonic Frequencies
105.388	0.0	-0.158082	0.948875
105.388	0.0	-0.158082	0.948875
84.2179	0.0	-0.126327	1.1874
73.9609	0.0	-0.110941	1.35207
29.5508	0.0	-0.0443262	3.384
29.5508	0.0	-0.0443262	3.384
105.092	0.0	-0.157639	0.951543
104.782	0.0	-0.157173	0.954363
85.2093	0.0	-0.127814	1.17358
71.8257	0.0	-0.107739	1.39226
33.1257	0.0	-0.0496886	3.0188
30.74	0.0	-0.04611	3.25309
103.999	0.0	-0.155999	0.961547
103.131	0.0	-0.154696	0.969644
86.6835	0.0	-0.130025	1.15362
68.1824	0.0	-0.102274	1.46665
40.388	0.0	-0.060582	2.47598
33.8013	0.0	-0.0507019	2.95847
101.887	0.0	-0.15283	0.981484
100.938	0.0	-0.151408	0.990702
87.3122	0.0	-0.130968	1.14532
68.4931	0.0	-0.10274	1.46
44.4334	0.0	-0.06665	2.25056
37.5462	0.0	-0.0563193	2.66339
99.3846	0.0	-0.149077	1.00619
99.0143	0.0	-0.148521	1.00996
86.0736	0.0	-0.12911	1.1618
74.6754	0.0	-0.112013	1.33913
43.0828	0.0	-0.0646242	2.32111
40.6044	0.0	-0.0609066	2.46279
98.2363	0.0	-0.147354	1.01795
98.2363	0.0	-0.147354	1.01795
81.6706	0.0	-0.122506	1.22443
81.6706	0.0	-0.122506	1.22443
41.7912	0.0	-0.0626868	2.39285
41.7912	0.0	-0.0626868	2.39285
105.388	0.0	-0.158082	0.948875
105.018	0.0	-0.157527	0.95222
87.8564	0.0	-0.131785	1.13822
68.4806	0.0	-0.102721	1.46027
33.2514	0.0	-0.0498772	3.00739
29.5508	0.0	-0.0443262	3.384
104.983	0.0	-0.157475	0.952531
104.094	0.0	-0.156141	0.960672
89.7983	0.0	-0.134697	1.11361
64.3368	0.0	-0.0965052	1.55432
37.9443	0.0	-0.0569165	2.63544
31.396	0.0	-0.047094	3.18512
103.45	0.0	-0.155175	0.966651
102.364	0.0	-0.153545	0.976909
90.5688	0.0	-0.135853	1.10413
63.3299	0.0	-0.0949949	1.57903
41.6372	0.0	-0.0624558	2.4017
35.5114	0.0	-0.0532671	2.816
101.065	0.0	-0.151597	0.989463
100.447	0.0	-0.150671	0.995549
89.6644	0.0	-0.134497	1.11527
68.0934	0.0	-0.10214	1.46857
41.5495	0.0	-0.0623242	2.40677
39.5185	0.0	-0.0592777	2.53046
99.3846	0.0	-0.149077	1.00619
99.0143	0.0	-0.148521	1.00996
86.0736	0.0	-0.12911	1.1618
74.6754	0.0	-0.112013	1.33913
43.0828	0.0	-0.0646242	2.32111
40.6044	0.0	-0.0609066	2.46279
105.388	0.0	-0.158082	0.948875
104.287	0.0	-0.156431	0.958892
91.6081	0.0	-0.137412	1.09161
60.1686	0.0	-0.0902529	1.662
40.6772	0.0	-0.0610158	2.45838
29.5508	0.0	-0.0443262	3.384
104.857	0.0	-0.157286	0.953676
103.623	0.0	-0.155435	0.965034
91.9228	0.0	-0.137884	1.08787
59.3348	0.0	-0.0890022	1.68535
42.2476	0.0	-0.0633714	2.367
31.5807	0.0	-0.0473711	3.16649
103.45	0.0	-0.155175	0.966651
102.364	0.0	-0.153545	0.976909
90.5688	0.0	-0.135853	1.10413
63.3299	0.0	-0.0949949	1.57903
41.6372	0.0	-0.0624558	2.4017
35.5114	0.0	-0.0532671	2.816
101.887	0.0	-0.15283	0.981484
100.938	0.0	-0.151408	0.990702
87.3122	0.0	-0.130968	1.14532
68.4931	0.0	-0.10274	1.46
44.4334	0.0	-0.06665	2.25056
37.5462	0.0	-0.0563193	2.66339
105.388	0.0	-0.158082	0.948875
104.287	0.0	-0.156431	0.958892
91.6081	0.0	-0.137412	1.09161
60.1686	0.0	-0.0902529	1.662
40.6772	0.0	-0.0610158	2.45838
29.5508	0.0	-0.0443262	3.384
104.983	0.0	-0.157475	0.952531
104.094	0.0	-0.156141	0.960672
89.7983	0.0	-0.134697	1.11361
64.3368	0.0	-0.0965052	1.55432
37.9443	0.0	-0.0569165	2.63544
31.396	0.0	-0.047094	3.18512
103.999	0.0	-0.155999	0.961547
103.131	0.0	-0.154696	0.969644
86.6835	0.0	-0.130025	1.15362
68.1824	0.0	-0.102274	1.46665
40.388	0.0	-0.060582	2.47598
33.8013	0.0	-0.0507019	2.95847
105.388	0.0	-0.158082	0.948875
105.018	0.0	-0.157527	0.95222
87.8564	0.0	-0.131785	1.13822
68.4806	0.0	-0.102721	1.46027
33.2514	0.0	-0.0498772	3.00739
29.5508	0.0	-0.0443262	3.384
105.092	0.0	-0.157639	0.951543
104.782	0.0	-0.157173	0.954363
85.2093	0.0	-0.127814	1.17358
71.8257	0.0	-0.107739	1.39226
33.1257	0.0	-0.0496886	3.0188
30.74	0.0	-0.04611	3.25309
105.388	0.0	-0.158082	0.948875
105.388	0.0	-0.158082	0.948875
84.2179	0.0	-0.126327	1.1874
73.9609	0.0	-0.110941	1.35207
29.5508	0.0	-0.0443262	3.384
29.5508	0.0	-0.0443262	3.384
106.098	0.0	-0.159148	0.942521
106.098	0.0	-0.159148	0.942521
91.4888	0.0	-0.137233	1.09303
64.7507	0.0	-0.0971261	1.54438
27.9046	0.0	-0.0418569	3.58364
27.9046	0.0	-0.0418569	3.58364
106.379	0.0	-0.159569	0.940031
105.604	0.0	-0.158406	0.946933
94.0135	0.0	-0.14102	1.06368
60.2516	0.0	-0.0903774	1.65971
29.86	0.0	-0.0447899	3.34897
28.7689	0.0	-0.0431534	3.47597
105.226	0.0	-0.157839	0.950337
104.044	0.0	-0.156065	0.961136
95.3584	0.0	-0.143038	1.04868
57.8888	0.0	-0.0868332	1.72745
35.0958	0.0	-0.0526437	2.84934
31.7656	0.0	-0.0476483	3.14806
102.525	0.0	-0.153787	0.975374
101.89	0.0	-0.152835	0.98145
95.3546	0.0	-0.143032	1.04872
61.4455	0.0	-0.0921682	1.62746
37.5003	0.0	-0.0562504	2.66665
35.6704	0.0	-0.0535055	2.80345
99.9213	0.0	-0.149882	1.00079
99.9213	0.0	-0.149882	1.00079
92.5962	0.0	-0.138894	1.07996
68.4975	0.0	-0.102746	1.45991
39.0379	0.0	-0.0585568	2.56161
39.0379	0.0	-0.0585568	2.56161
107.121	0.0	-0.160681	0.933527
106.203	0.0	-0.159304	0.941596
96.7554	0.0	-0.145133	1.03353
55.4856	0.0	-0.0832284	1.80227
30.1524	0.0	-0.0452285	3.31649
25.5108	0.0	-0.0382662	3.91991
106.8	0.0	-0.1602	0.936328
105.457	0.0	-0.158186	0.948249
98.0651	0.0	-0.147098	1.01973
52.4445	0.0	-0.0786667	1.90678
33.3198	0.0	-0.0499797	3.00122
27.1094	0.0	-0.0406641	3.68876
104.94	0.0	-0.157409	0.952929
103.846	0.0	-0.15577	0.96296
97.8657	0.0	-0.146799	1.02181
54.923	0.0	-0.0823845	1.82073
35.09	0.0	-0.052635	2.84981
31.5886	0.0	-0.0473829	3.1657
102.525	0.0	-0.153787	0.975374
101.89	0.0	-0.152835	0.98145
95.3546	0.0	-0.143032	1.04872
61.4455	0.0	-0.0921682	1.62746
37.5003	0.0	-0.0562504	2.66665
35.6704	0.0	-0.0535055	2.80345
107.502	0.0	-0.161253	0.930218
105.926	0.0	-0.158888	0.944059
98.9196	0.0	-0.148379	1.01092
49.6497	0.0	-0.0744745	2.01411
34.1979	0.0	-0.0512969	2.92416
24.5642	0.0	-0.0368463	4.07096
106.8	0.0	-0.1602	0.936328
105.457	0.0	-0.158186	0.948249
98.0651	0.0	-0.147098	1.01973
52.4445	0.0	-0.0786667	1.90678
33.3198	0.0	-0.0499797	3.00122
27.1094	0.0	-0.0406641	3.68876
105.226	0.0	-0.157839	0.950337
104.044	0.0	-0.156065	0.961136
95.3584	0.0	-0.143038	1.04868
57.8888	0.0	-0.0868332	1.72745
35.0958	0.0	-0.0526437	2.84934
31.7656	0.0	-0.0476483	3.14806
107.121	0.0	-0.160681	0.933527
106.203	0.0	-0.159304	0.941596
96.7554	0.0	-0.145133	1.03353
55.4856	0.0	-0.0832284	1.80227
30.1524	0.0	-0.0452285	3.31649
25.5108	0.0	-0.0382662	3.91991
106.379	0.0	-0.159569	0.940031
105.604	0.0	-0.158406	0.946933
94.0135	0.0	-0.14102	1.06368
60.2516	0.0	-0.0903774	1.65971
29.86	0.0	-0.0447899	3.34897
28.7689	0.0	-0.0431534	3.47597
106.098	0.0	-0.159148	0.942521
106.098	0.0	-0.159148	0.942521
91.4888	0.0	-0.137233	1.09303
64.7507	0.0	-0.0971261	1.54438
27.9046	0.0	-0.0418569	3.58364
27.9046	0.0	-0.0418569	3.58364
107.877	0.0	-0.161816	0.926981
107.877	0.0	-0.161816	0.926981
100.157	0.0	-0.150236	0.998432
50.3133	0.0	-0.0754699	1.98755
23.3201	0.0	-0.0349802	4.28814
23.3201	0.0	-0.0349802	4.28814
108.275	0.0	-0.162412	0.923576
107.445	0.0	-0.161168	0.930708
102.021	0.0	-0.153031	0.980192
46.1341	0.0	-0.0692012	2.16759
24.2006	0.0	-0.0363009	4.13212
24.1078	0.0	-0.0361617	4.14804
106.697	0.0	-0.160046	0.937233
105.949	0.0	-0.158923	0.943852
102.588	0.0	-0.153882	0.974776
46.755	0.0	-0.0701325	2.13881
28.2802	0.0	-0.0424202	3.53605
27.472	0.0	-0.0412081	3.64006
103.846	0.0	-0.155768	0.962969
103.846	0.0	-0.155768	0.962969
101.133	0.0	-0.1517	0.988794
53.3262	0.0	-0.0799893	1.87525
31.8719	0.0	-0.0478079	3.13756
31.8719	0.0	-0.0478079	3.13756
109.2	0.0	-0.163799	0.915754
108.118	0.0	-0.162177	0.924915
103.996	0.0	-0.155995	0.961572
41.0855	0.0	-0.0616282	2.43395
24.3486	0.0	-0.0365229	4.10701
19.5246	0.0	-0.0292869	5.12174
108.638	0.0	-0.162957	0.920487
107.479	0.0	-0.161218	0.930416
104.313	0.0	-0.15647	0.958649
40.8623	0.0	-0.0612935	2.44724
26.0129	0.0	-0.0390193	3.84425
21.7411	0.0	-0.0326116	4.59959
106.697	0.0	-0.160046	0.937233
105.949	0.0	-0.158923	0.943852
102.588	0.0	-0.153882	0.974776
46.755	0.0	-0.0701325	2.13881
28.2802	0.0	-0.0424202	3.53605
27.472	0.0	-0.0412081	3.64006
109.2	0.0	-0.163799	0.915754
108.118	0.0	-0.162177	0.924915
103.996	0.0	-0.155995	0.961572
41.0855	0.0	-0.0616282	2.43395
24.3486	0.0	-0.0365229	4.10701
19.5246	0.0	-0.0292869	5.12174
108.275	0.0	-0.162412	0.923576
107.445	0.0	-0.161168	0.930708
102.021	0.0	-0.153031	0.980192
46.1341	0.0	-0.0692012	2.16759
24.2006	0.0	-0.0363009	4.13212
24.1078	0.0	-0.0361617	4.14804
107.877	0.0	-0.161816	0.926981
107.877	0.0	-0.161816	0.926981
100.157	0.0	-0.150236	0.998432
50.3133	0.0	-0.0754699	1.98755
23.3201	0.0	-0.0349802	4.28814
23.3201	0.0	-0.0349802	4.28814
109.935	0.0	-0.164903	0.909626
109.935	0.0	-0.164903	0.909626
106.703	0.0	-0.160055	0.93718
34.3122	0.0	-0.0514683	2.91442
16.6033	0.0	-0.0249049	6.02292
16.6033	0.0	-0.0249049	6.02292
110.006	0.0	-0.165008	0.909045
109.498	0.0	-0.164248	0.913256
107.757	0.0	-0.161635	0.928016
31.4111	0.0	-0.0471167	3.18359
17.773	0.0	-0.0266596	5.6265
17.4219	0.0	-0.0261328	5.73992
108.016	0.0	-0.162025	0.925786
108.016	0.0	-0.162025	0.925786
107.226	0.0	-0.16084	0.932606
36.523	0.0	-0.0547844	2.738
22.1922	0.0	-0.0332883	4.50608
22.1922	0.0	-0.0332883	4.50608
110.837	0.0	-0.166255	0.902229
110.079	0.0	-0.165119	0.908434
108.75	0.0	-0.163125	0.919542
27.1487	0.0	-0.040723	3.68342
16.531	0.0	-0.0247965	6.04924
12.9142	0.0	-0.0193713	7.74343
110.006	0.0	-0.165008	0.909045
109.498	0.0	-0.164248	0.913256
107.757	0.0	-0.161635	0.928016
31.4111	0.0	-0.0471167	3.18359
17.773	0.0	-0.0266596	5.6265
17.4219	0.0	-0.0261328	5.73992
109.935	0.0	-0.164903	0.909626
109.935	0.0	-0.164903	0.909626
106.703	0.0	-0.160055	0.93718
34.3122	0.0	-0.0514683	2.91442
16.6033	0.0	-0.0249049	6.02292
16.6033	0.0	-0.0249049	6.02292
111.505	0.0	-0.167257	0.896823
111.505	0.0	-0.167257	0.896823
110.728	0.0	-0.166092	0.903114
17.3833	0.0	-0.0260749	5.75266
8.59651	0.0	-0.0128948	11.6326
8.59651	0.0	-0.0128948	11.6326
111.01	0.0	-0.166516	0.900817
111.01	0.0	-0.166516	0.900817
110.872	0.0	-0.166308	0.901943
18.562	0.0	-0.0278431	5.38734
11.3234	0.0	-0.0169851	8.83124
11.3234	0.0	-0.0169851	8.83124
111.505	0.0	-0.167257	0.896823
111.505	0.0	-0.167257	0.896823
110.728	0.0	-0.166092	0.903114
17.3833	0.0	-0.0260749	5.75266
8.59651	0.0	-0.0128948	11.6326
8.59651	0.0	-0.0128948	11.6326
112.084	0.0	-0.168126	0.892187
112.084	0.0	-0.168126	0.892187
112.084	0.0	-0.168126	0.892187
0	0.0	-0	0
0	0.0	-0	0
0	0.0	-0	0
