336 Out of 6000 Normal Mode Frequencies in 1/ps for a 10x10x10 Si Lattice.
  105.387947  105.387947   84.217887   73.960878   29.550818   29.550818
  105.092419  104.781924   85.209337   71.825693   33.125722   30.740001
  103.999069  103.130617   86.683509   68.182441   40.388013   33.801280
  101.886578  100.938494   87.312191   68.493125   44.433366   37.546189
   99.384628   99.014280   86.073579   74.675383   43.082831   40.604430
   98.236321   98.236321   81.670646   81.670646   41.791168   41.791168
  105.387947  105.017754   87.856436   68.480608   33.251444   29.550818
  104.983493  104.093766   89.798322   64.336809   37.944321   31.396008
  103.449992  102.363630   90.568849   63.329948   41.637187   35.511368
  101.064886  100.447092   89.664424   68.093427   41.549454   39.518491
   99.384628   99.014280   86.073579   74.675383   43.082831   40.604430
  105.387947  104.287075   91.608123   60.168567   40.677211   29.550818
  104.857463  103.623273   91.922776   59.334823   42.247595   31.580736
  103.449992  102.363630   90.568849   63.329948   41.637187   35.511368
  101.886578  100.938494   87.312191   68.493125   44.433366   37.546189
  105.387947  104.287075   91.608123   60.168567   40.677211   29.550818
  104.983493  104.093766   89.798322   64.336809   37.944321   31.396008
  103.999069  103.130617   86.683509   68.182441   40.388013   33.801280
  105.387947  105.017754   87.856436   68.480608   33.251444   29.550818
  105.092419  104.781924   85.209337   71.825693   33.125722   30.740001
  105.387947  105.387947   84.217887   73.960878   29.550818   29.550818
  106.098413  106.098413   91.488844   64.750717   27.904623   27.904623
  106.379495  105.604062   94.013542   60.251582   29.859966   28.768946
  105.225831  104.043602   95.358409   57.888833   35.095805   31.765557
  102.524826  101.890098   95.354559   61.445472   37.500272   35.670362
   99.921274   99.921274   92.596165   68.497527   39.037896   39.037896
  107.120573  106.202686   96.755370   55.485615   30.152366   25.510812
  106.800163  105.457490   98.065091   52.444496   33.319822   27.109378
  104.939559  103.846428   97.865682   54.923004   35.090020   31.588618
  102.524826  101.890098   95.354559   61.445472   37.500272   35.670362
  107.501738  105.925552   98.919629   49.649651   34.197902   24.564232
  106.800163  105.457490   98.065091   52.444496   33.319822   27.109378
  105.225831  104.043602   95.358409   57.888833   35.095805   31.765557
  107.120573  106.202686   96.755370   55.485615   30.152366   25.510812
  106.379495  105.604062   94.013542   60.251582   29.859966   28.768946
  106.098413  106.098413   91.488844   64.750717   27.904623   27.904623
  107.877068  107.877068  100.157080   50.313252   23.320116   23.320116
  108.274797  107.445029  102.020785   46.134126   24.200625   24.107767
  106.697011  105.948841  102.587699   46.754973   28.280152   27.472045
  103.845539  103.845539  101.133318   53.326183   31.871919   31.871919
  109.199650  108.118081  103.996417   41.085499   24.348633   19.524603
  108.638139  107.478774  104.313492   40.862307   26.012865   21.741070
  106.697011  105.948841  102.587699   46.754973   28.280152   27.472045
  109.199650  108.118081  103.996417   41.085499   24.348633   19.524603
  108.274797  107.445029  102.020785   46.134126   24.200625   24.107767
  107.877068  107.877068  100.157080   50.313252   23.320116   23.320116
  109.935329  109.935329  106.703038   34.312179   16.603251   16.603251
  110.005593  109.498367  107.756708   31.411104   17.773046   17.421855
  108.016345  108.016345  107.226381   36.522956   22.192216   22.192216
  110.836573  110.079483  108.749791   27.148682   16.530992   12.914181
  110.005593  109.498367  107.756708   31.411104   17.773046   17.421855
  109.935329  109.935329  106.703038   34.312179   16.603251   16.603251
  111.504677  111.504677  110.727982   17.383266    8.596509    8.596509
  111.010369  111.010369  110.871740   18.562035   11.323432   11.323432
  111.504677  111.504677  110.727982   17.383266    8.596509    8.596509
  112.084183  112.084183  112.084183    0.000000    0.000000    0.000000
