306 Out of 384 Normal Modes for a 4x4x4 Si Lattice.
   0.5773502661    0.0000000000   -0.2886751374    0.0000000000   -0.2886751374    0.0000000000    0.5773502709    0.0000000000   -0.2886751332    0.0000000000   -0.2886751332    0.0000000000 
   0.0000000000    0.0000000000    0.5000000000    0.0000000000   -0.5000000000    0.0000000000    0.0000000000    0.0000000000    0.5000000000    0.0000000000   -0.5000000000    0.0000000000 
  -0.4082482935    0.0000000000   -0.4082482889    0.0000000000   -0.4082482889    0.0000000000    0.4082482874    0.0000000000    0.4082482920    0.0000000000    0.4082482920    0.0000000000 
   0.4082482915   -0.0000000000    0.4082482900   -0.0000000000    0.4082482900   -0.0000000000    0.4082482915   -0.0000000000    0.4082482900   -0.0000000000    0.4082482900   -0.0000000000 
  -0.5773502694    0.0000000000    0.2886751347    0.0000000000    0.2886751347    0.0000000000    0.5773502690    0.0000000000   -0.2886751345    0.0000000000   -0.2886751345    0.0000000000 
   0.0000000000    0.0000000000    0.5000000000    0.0000000000   -0.5000000000    0.0000000000    0.0000000000    0.0000000000   -0.5000000000    0.0000000000    0.5000000000    0.0000000000 
   0.3736648601    0.0000000000   -0.3225974076    0.3415846267    0.3736648601    0.0000000000   -0.1349772588   -0.3484344520   -0.2019899287    0.4242042118   -0.1349772588   -0.3484344520 
   0.5000000000    0.0000000000    0.0000000000    0.0000000000   -0.5000000000   -0.0000000000    0.4959263065   -0.0636953575    0.0000000000   -0.0000000000   -0.4959263065    0.0636953575 
   0.3072886779    0.0000000000    0.4548493173   -0.3228922969    0.3072886779   -0.0000000000   -0.2999432888   -0.0667858897   -0.3737994891   -0.4140305288   -0.2999432888   -0.0667858897 
   0.3191177272    0.0000000000    0.3537342865   -0.4137629839    0.3191177272   -0.0000000000    0.3180909075   -0.0255792571    0.3857617408    0.3840776375    0.3180909075   -0.0255792571 
  -0.4051075374   -0.0000000000    0.3261099820   -0.2557890652   -0.4051075374   -0.0000000000   -0.1014471071   -0.3921996957   -0.1659743970    0.3797739667   -0.1014471071   -0.3921996957 
   0.5000000000    0.0000000000   -0.0000000000    0.0000000000   -0.5000000000   -0.0000000000   -0.4959263065    0.0636953575    0.0000000000   -0.0000000000    0.4959263065   -0.0636953575 
  -0.7071067812    0.0000000000    0.0000000000    0.0000000000    0.0000000000    0.0000000000    0.0000000000    0.0000000000   -0.0000000000    0.0000000000    0.7071067812    0.0000000000 
  -0.0000000000   -0.0000000000    0.0000000000   -0.0000000000   -0.7071067812   -0.0000000000    0.7071067812   -0.0000000000   -0.0000000000   -0.0000000000   -0.0000000000   -0.0000000000 
   0.0000000000    0.0000000000   -0.1949438160    0.0000000000   -0.0000000000    0.0000000000    0.0000000000    0.0000000000    0.9808144109    0.0000000000    0.0000000000    0.0000000000 
   0.0000000000    0.0000000000   -0.9808144109    0.0000000000   -0.0000000000    0.0000000000   -0.0000000000    0.0000000000   -0.1949438160    0.0000000000   -0.0000000000    0.0000000000 
  -0.7071067812   -0.0000000000   -0.0000000000   -0.0000000000   -0.0000000000   -0.0000000000   -0.0000000000   -0.0000000000    0.0000000000   -0.0000000000   -0.7071067812   -0.0000000000 
   0.0000000000    0.0000000000    0.0000000000    0.0000000000   -0.7071067812    0.0000000000   -0.7071067812    0.0000000000    0.0000000000    0.0000000000    0.0000000000    0.0000000000 
   0.3736648601    0.0000000000   -0.3225974076   -0.3415846267    0.3736648601   -0.0000000000   -0.1349772588    0.3484344520   -0.2019899287   -0.4242042118   -0.1349772588    0.3484344520 
   0.5000000000    0.0000000000    0.0000000000   -0.0000000000   -0.5000000000    0.0000000000    0.4959263065    0.0636953575    0.0000000000    0.0000000000   -0.4959263065   -0.0636953575 
   0.3072886779    0.0000000000    0.4548493173    0.3228922969    0.3072886779    0.0000000000   -0.2999432888    0.0667858897   -0.3737994891    0.4140305288   -0.2999432888    0.0667858897 
   0.3191177272    0.0000000000    0.3537342865    0.4137629839    0.3191177272    0.0000000000    0.3180909075    0.0255792571    0.3857617408   -0.3840776375    0.3180909075    0.0255792571 
  -0.4051075374   -0.0000000000    0.3261099820    0.2557890652   -0.4051075374    0.0000000000   -0.1014471071    0.3921996957   -0.1659743970   -0.3797739667   -0.1014471071    0.3921996957 
   0.5000000000    0.0000000000   -0.0000000000   -0.0000000000   -0.5000000000    0.0000000000   -0.4959263065   -0.0636953575    0.0000000000    0.0000000000    0.4959263065    0.0636953575 
  -0.4698394881    0.0000000000    0.2565627586    0.2716633552    0.2565627586    0.2716633552   -0.4470953805    0.1444121372    0.1606432417   -0.3373709777    0.1606432417   -0.3373709777 
  -0.0000000000   -0.0000000000    0.4998523127   -0.0121517703   -0.4998523127    0.0121517703    0.0000000000    0.0000000000    0.4942317997   -0.0757293086   -0.4942317997    0.0757293086 
   0.5578058236    0.0000000000    0.2505711476    0.1778775747    0.2505711476    0.1778775747   -0.0651394669   -0.5539893381   -0.2059217490   -0.2280845564   -0.2059217490   -0.2280845564 
   0.5443599474   -0.0000000000    0.2073680882    0.2425584462    0.2073680882    0.2425584462   -0.0412593823    0.5427940822    0.2261434012    0.2251561368    0.2261434012    0.2251561368 
  -0.4144584011    0.0000000000    0.3187524041    0.2500180429    0.3187524041    0.2500180429    0.3649773660   -0.1963855609   -0.1622297415    0.3712056409   -0.1622297415    0.3712056409 
   0.0000000000    0.0000000000    0.4755369607   -0.1544817108   -0.4755369607    0.1544817108    0.0000000000    0.0000000000   -0.4519830414    0.2138020819    0.4519830414   -0.2138020819 
  -0.4999999215    0.0000000000    0.5000000785    0.0000000000   -0.0000000000   -0.0000002123   -0.0000000000    0.5000000794   -0.0000000000   -0.4999999206   -0.0000002117    0.0000000000 
   0.2330670652    0.0000000000    0.2330667263    0.0000000000    0.0000000000   -0.6255874393   -0.0000000000    0.2330667262   -0.0000000000    0.2330670650   -0.6255874394   -0.0000000000 
   0.4552386129    0.0000000000    0.4552386139   -0.0000000000   -0.0000000000    0.2924305212    0.0000000000   -0.4552386130    0.0000000000   -0.4552386140   -0.2924305210   -0.0000000000 
  -0.4423571206    0.0000000000   -0.4423571206    0.0000000000    0.0000000000   -0.3296063648    0.0000000000   -0.4423571206    0.0000000000   -0.4423571205   -0.3296063649   -0.0000000000 
  -0.2067796044   -0.0000000000   -0.2067796044   -0.0000000000   -0.0000000000    0.6438046213   -0.0000000000    0.2067796045   -0.0000000000    0.2067796045   -0.6438046212   -0.0000000000 
   0.5000000000    0.0000000000   -0.5000000000   -0.0000000000   -0.0000000000   -0.0000000000   -0.0000000000    0.5000000000   -0.0000000000   -0.5000000000   -0.0000000000   -0.0000000000 
   0.3736648601    0.0000000000   -0.3225974076   -0.3415846267   -0.3736648601    0.0000000000    0.1349772588   -0.3484344520    0.2019899287    0.4242042118   -0.1349772588    0.3484344520 
   0.5000000000    0.0000000000    0.0000000000   -0.0000000000    0.5000000000   -0.0000000000   -0.4959263065   -0.0636953575   -0.0000000000   -0.0000000000   -0.4959263065   -0.0636953575 
   0.3072886779    0.0000000000    0.4548493173    0.3228922969   -0.3072886779   -0.0000000000    0.2999432888   -0.0667858897    0.3737994891   -0.4140305288   -0.2999432888    0.0667858897 
   0.3191177272    0.0000000000    0.3537342865    0.4137629839   -0.3191177272   -0.0000000000   -0.3180909075   -0.0255792571   -0.3857617408    0.3840776375    0.3180909075    0.0255792571 
   0.4051075374    0.0000000000   -0.3261099820   -0.2557890652   -0.4051075374    0.0000000000   -0.1014471071    0.3921996957   -0.1659743970   -0.3797739667    0.1014471071   -0.3921996957 
   0.5000000000    0.0000000000   -0.0000000000   -0.0000000000    0.5000000000   -0.0000000000    0.4959263065    0.0636953575   -0.0000000000   -0.0000000000    0.4959263065    0.0636953575 
  -0.5267755036    0.0000000000   -0.0000000000    0.5267755036   -0.0000000000   -0.0000000000    0.0000000000    0.0000000000   -0.0000000000    0.0000000000    0.4717070795   -0.4717070795 
   0.0000000000    0.0000000000    0.0000000000    0.0000000000    0.6192167161   -0.2481648568   -0.2071847536    0.4843210805   -0.4843210805   -0.2071847536   -0.0000000000   -0.0000000000 
  -0.7071067812    0.0000000000    0.0000000000   -0.7071067812    0.0000000000    0.0000000000   -0.0000000000   -0.0000000000    0.0000000000   -0.0000000000    0.0000000000    0.0000000000 
   0.0000000000    0.0000000000   -0.0000000000    0.0000000000    0.0000000000   -0.0000000000    0.2379223269    0.6658775911    0.6658775911   -0.2379223269    0.0000000000    0.0000000000 
   0.4717070795    0.0000000000    0.0000000000   -0.4717070795    0.0000000000    0.0000000000   -0.0000000000   -0.0000000000    0.0000000000    0.0000000000    0.5267755036   -0.5267755036 
   0.0000000000    0.0000000000   -0.0000000000   -0.0000000000   -0.7399685401    0.0862056962   -0.2927096644    0.3699035296   -0.3699035296   -0.2927096644   -0.0000000000   -0.0000000000 
   0.0000000000    0.0000000000   -0.5485865289    0.0000000000   -0.4461533596    0.0000000000    0.0000000000    0.0000000000    0.4461533596    0.0000000000    0.5485865289    0.0000000000 
   0.0000000000    0.0000000000    0.4461533596    0.0000000000   -0.5485865289    0.0000000000   -0.0000000000    0.0000000000    0.5485865289    0.0000000000   -0.4461533596    0.0000000000 
  -0.0000000000   -0.0000000000    0.0000000000   -0.0000000000   -0.0000000000   -0.0000000000    1.0000000000   -0.0000000000    0.0000000000   -0.0000000000   -0.0000000000   -0.0000000000 
   1.0000000000    0.0000000000    0.0000000000    0.0000000000    0.0000000000    0.0000000000    0.0000000000    0.0000000000    0.0000000000    0.0000000000    0.0000000000    0.0000000000 
   0.0000000000    0.0000000000    0.5485865289    0.0000000000    0.4461533596    0.0000000000   -0.0000000000    0.0000000000    0.4461533596    0.0000000000    0.5485865289    0.0000000000 
   0.0000000000    0.0000000000   -0.4461533596    0.0000000000    0.5485865289    0.0000000000    0.0000000000    0.0000000000    0.5485865289    0.0000000000   -0.4461533596    0.0000000000 
   0.4698394881    0.0000000000   -0.2565627586    0.2716633552    0.2565627586   -0.2716633552   -0.4470953805   -0.1444121372    0.1606432417    0.3373709777   -0.1606432417   -0.3373709777 
   0.0000000000    0.0000000000   -0.4494738500   -0.2190279848   -0.4494738500   -0.2190279848    0.0000000000   -0.0000000000    0.4179096810    0.2745022742    0.4179096810    0.2745022742 
  -0.5578058236    0.0000000000   -0.2505711476    0.1778775747    0.2505711476   -0.1778775747   -0.0651394669    0.5539893381   -0.2059217490    0.2280845564    0.2059217490   -0.2280845564 
  -0.5443599474   -0.0000000000   -0.2073680882    0.2425584462    0.2073680882   -0.2425584462   -0.0412593823   -0.5427940822    0.2261434012   -0.2251561368   -0.2261434012    0.2251561368 
   0.4144584011    0.0000000000   -0.3187524041    0.2500180429    0.3187524041   -0.2500180429    0.3649773660    0.1963855609   -0.1622297415   -0.3712056409    0.1622297415    0.3712056409 
   0.0000000000    0.0000000000   -0.4561716933    0.2047129361   -0.4561716933    0.2047129361    0.0000000000   -0.0000000000   -0.4785336132    0.1449330225   -0.4785336132    0.1449330225 
  -0.5773502661   -0.0000000000    0.2886751374   -0.0000000000   -0.2886751374   -0.0000000000    0.5773502709   -0.0000000000   -0.2886751332   -0.0000000000    0.2886751332   -0.0000000000 
   0.0000000000    0.0000000000    0.5000000000    0.0000000000    0.5000000000    0.0000000000   -0.0000000000    0.0000000000   -0.5000000000    0.0000000000   -0.5000000000    0.0000000000 
   0.4082482935    0.0000000000    0.4082482889    0.0000000000   -0.4082482889    0.0000000000    0.4082482874    0.0000000000    0.4082482920    0.0000000000   -0.4082482920    0.0000000000 
  -0.4082482915   -0.0000000000   -0.4082482900   -0.0000000000    0.4082482900   -0.0000000000    0.4082482915   -0.0000000000    0.4082482900   -0.0000000000   -0.4082482900   -0.0000000000 
   0.5773502694    0.0000000000   -0.2886751347    0.0000000000    0.2886751347    0.0000000000    0.5773502690    0.0000000000   -0.2886751345    0.0000000000    0.2886751345    0.0000000000 
   0.0000000000    0.0000000000   -0.5000000000    0.0000000000   -0.5000000000    0.0000000000    0.0000000000    0.0000000000   -0.5000000000    0.0000000000   -0.5000000000    0.0000000000 
   0.4698394881    0.0000000000   -0.2565627586   -0.2716633552    0.2565627586    0.2716633552   -0.4470953805    0.1444121372    0.1606432417   -0.3373709777   -0.1606432417    0.3373709777 
   0.0000000000    0.0000000000   -0.4494265525    0.2191250190   -0.4494265525    0.2191250190    0.0000000000    0.0000000000    0.4178504075   -0.2745924925    0.4178504075   -0.2745924925 
  -0.5578058236    0.0000000000   -0.2505711476   -0.1778775747    0.2505711476    0.1778775747   -0.0651394669   -0.5539893381   -0.2059217490   -0.2280845564    0.2059217490    0.2280845564 
  -0.5443599474   -0.0000000000   -0.2073680882   -0.2425584462    0.2073680882    0.2425584462   -0.0412593823    0.5427940822    0.2261434012    0.2251561368   -0.2261434012   -0.2251561368 
   0.4144584011    0.0000000000   -0.3187524041   -0.2500180429    0.3187524041    0.2500180429    0.3649773660   -0.1963855609   -0.1622297415    0.3712056409    0.1622297415   -0.3712056409 
   0.0000000000    0.0000000000   -0.4557850754   -0.2055722866   -0.4557850754   -0.2055722866    0.0000000000    0.0000000000   -0.4782596186   -0.1458346230   -0.4782596186   -0.1458346230 
  -0.4698394881    0.0000000000    0.2565627586   -0.2716633552    0.2565627586   -0.2716633552   -0.4470953805   -0.1444121372    0.1606432417    0.3373709777    0.1606432417    0.3373709777 
  -0.0000000000   -0.0000000000    0.4995015266    0.0223209521   -0.4995015266   -0.0223209521    0.0000000000   -0.0000000000    0.4925884123    0.0857709512   -0.4925884123   -0.0857709512 
   0.5578058236    0.0000000000    0.2505711476   -0.1778775747    0.2505711476   -0.1778775747   -0.0651394669    0.5539893381   -0.2059217490    0.2280845564   -0.2059217490    0.2280845564 
   0.5443599474   -0.0000000000    0.2073680882   -0.2425584462    0.2073680882   -0.2425584462   -0.0412593823   -0.5427940822    0.2261434012   -0.2251561368    0.2261434012   -0.2251561368 
  -0.4144584011    0.0000000000    0.3187524041   -0.2500180429    0.3187524041   -0.2500180429    0.3649773660    0.1963855609   -0.1622297415   -0.3712056409   -0.1622297415   -0.3712056409 
   0.0000000000    0.0000000000    0.4751816935    0.1555710712   -0.4751816935   -0.1555710712    0.0000000000   -0.0000000000   -0.4514918943   -0.2148373091    0.4514918943    0.2148373091 
   0.0000000000    0.0000000000    0.0000000000    0.0000000000    0.4345447122    0.5061482300    0.0399813582   -0.5252560539   -0.5252560539   -0.0399813582   -0.0000000000    0.0000000000 
  -0.5267755036    0.0000000000   -0.0000000000   -0.5267755036   -0.0000000000    0.0000000000   -0.0000000000   -0.0000000000    0.0000000000   -0.0000000000    0.4717070795    0.4717070795 
  -0.0000000000   -0.0000000000   -0.0000000000    0.0000000000   -0.0000000001    0.0000000001   -0.2963813810   -0.6419953871    0.6419953871   -0.2963813808    0.0000000000   -0.0000000000 
  -0.7071067812    0.0000000000    0.0000000000    0.7071067812    0.0000000000   -0.0000000000    0.0000000000    0.0000000000   -0.0000000000    0.0000000000    0.0000000000   -0.0000000000 
   0.4717070795    0.0000000000    0.0000000000    0.4717070795    0.0000000000   -0.0000000000    0.0000000000    0.0000000000   -0.0000000000   -0.0000000000    0.5267755036    0.5267755036 
   0.0000000000    0.0000000000    0.0000000000   -0.0000000000    0.5584006749   -0.4931263009    0.4708008585    0.0292253381    0.0292253385   -0.4708008586   -0.0000000000   -0.0000000000 
   0.3736648601    0.0000000000   -0.3225974076    0.3415846267   -0.3736648601   -0.0000000000    0.1349772588    0.3484344520    0.2019899287   -0.4242042118   -0.1349772588   -0.3484344520 
   0.5000000000    0.0000000000    0.0000000000    0.0000000000    0.5000000000    0.0000000000   -0.4959263065    0.0636953575   -0.0000000000    0.0000000000   -0.4959263065    0.0636953575 
   0.3072886779    0.0000000000    0.4548493173   -0.3228922969   -0.3072886779    0.0000000000    0.2999432888    0.0667858897    0.3737994891    0.4140305288   -0.2999432888   -0.0667858897 
   0.3191177272    0.0000000000    0.3537342865   -0.4137629839   -0.3191177272    0.0000000000   -0.3180909075    0.0255792571   -0.3857617408   -0.3840776375    0.3180909075   -0.0255792571 
   0.4051075374    0.0000000000   -0.3261099820    0.2557890652   -0.4051075374   -0.0000000000   -0.1014471071   -0.3921996957   -0.1659743970    0.3797739667    0.1014471071    0.3921996957 
   0.5000000000    0.0000000000   -0.0000000000    0.0000000000    0.5000000000    0.0000000000    0.4959263065   -0.0636953575   -0.0000000000    0.0000000000    0.4959263065   -0.0636953575 
  -0.4999999215    0.0000000000    0.5000000785   -0.0000000000    0.0000000000    0.0000002123   -0.0000000000   -0.5000000794   -0.0000000000    0.4999999206   -0.0000002117    0.0000000000 
   0.2330670652    0.0000000000    0.2330667263   -0.0000000000    0.0000000000    0.6255874393   -0.0000000000   -0.2330667262   -0.0000000000   -0.2330670650   -0.6255874394    0.0000000000 
   0.4552386129    0.0000000000    0.4552386139    0.0000000000   -0.0000000000   -0.2924305212    0.0000000000    0.4552386130    0.0000000000    0.4552386140   -0.2924305210    0.0000000000 
  -0.4423571206    0.0000000000   -0.4423571206    0.0000000000    0.0000000000    0.3296063648    0.0000000000    0.4423571206    0.0000000000    0.4423571205   -0.3296063649    0.0000000000 
  -0.2067796044   -0.0000000000   -0.2067796044    0.0000000000   -0.0000000000   -0.6438046213   -0.0000000000   -0.2067796045   -0.0000000000   -0.2067796045   -0.6438046212    0.0000000000 
   0.5000000000    0.0000000000   -0.5000000000    0.0000000000   -0.0000000000    0.0000000000   -0.0000000000   -0.5000000000   -0.0000000000    0.5000000000   -0.0000000000    0.0000000000 
  -0.3736648601    0.0000000000   -0.3736648601   -0.0000000000    0.3225974076   -0.3415846267    0.1349772588    0.3484344520    0.1349772588    0.3484344520    0.2019899287   -0.4242042118 
  -0.5000000000    0.0000000000    0.5000000000    0.0000000000    0.0000000000   -0.0000000000   -0.4959263065    0.0636953575    0.4959263065   -0.0636953575    0.0000000000    0.0000000000 
  -0.3072886779    0.0000000000   -0.3072886779    0.0000000000   -0.4548493173    0.3228922969    0.2999432888    0.0667858897    0.2999432888    0.0667858897    0.3737994891    0.4140305288 
  -0.3191177272    0.0000000000   -0.3191177272   -0.0000000000   -0.3537342865    0.4137629839   -0.3180909075    0.0255792571   -0.3180909075    0.0255792571   -0.3857617408   -0.3840776375 
   0.4051075374    0.0000000000    0.4051075374    0.0000000000   -0.3261099820    0.2557890652    0.1014471071    0.3921996957    0.1014471071    0.3921996957    0.1659743970   -0.3797739667 
  -0.5000000000    0.0000000000    0.5000000000    0.0000000000    0.0000000000   -0.0000000000    0.4959263065   -0.0636953575   -0.4959263065    0.0636953575   -0.0000000000    0.0000000000 
   0.0000000000    0.0000000000    0.0274615730    0.4992452924   -0.0274615730   -0.4992452924   -0.0000000000    0.0000000000    0.4992452924   -0.0274615730   -0.4992452924    0.0274615730 
  -0.6255874394    0.0000000000   -0.0000000000   -0.2330668957   -0.0000000000   -0.2330668957   -0.0000000000    0.6255874393    0.2330668957   -0.0000000000    0.2330668957   -0.0000000000 
  -0.2924305211    0.0000000000    0.0000000000    0.4552386134    0.0000000000    0.4552386134    0.0000000000   -0.2924305211    0.4552386134   -0.0000000000    0.4552386134   -0.0000000000 
  -0.3296063651    0.0000000000    0.0000000000    0.4423571205   -0.0000000000    0.4423571205   -0.0000000000    0.3296063646   -0.4423571207    0.0000000000   -0.4423571207   -0.0000000000 
   0.6438046211    0.0000000000    0.0000000000    0.2067796046   -0.0000000000    0.2067796046   -0.0000000000    0.6438046214    0.2067796043   -0.0000000000    0.2067796043   -0.0000000000 
   0.0000000000    0.0000000000    0.0716651862    0.4948374492   -0.0716651862   -0.4948374492    0.0000000000   -0.0000000000   -0.4948374492    0.0716651862    0.4948374492   -0.0716651862 
   0.3736648601    0.0000000000    0.3225974076    0.3415846267   -0.3736648601    0.0000000000    0.1349772588   -0.3484344520   -0.2019899287   -0.4242042118   -0.1349772588    0.3484344520 
   0.5000000000    0.0000000000   -0.0000000000    0.0000000000    0.5000000000   -0.0000000000   -0.4959263065   -0.0636953575    0.0000000000    0.0000000000   -0.4959263065   -0.0636953575 
   0.3072886779    0.0000000000   -0.4548493173   -0.3228922969   -0.3072886779   -0.0000000000    0.2999432888   -0.0667858897   -0.3737994891    0.4140305288   -0.2999432888    0.0667858897 
   0.3191177272    0.0000000000   -0.3537342865   -0.4137629839   -0.3191177272   -0.0000000000   -0.3180909075   -0.0255792571    0.3857617408   -0.3840776375    0.3180909075    0.0255792571 
   0.4051075374    0.0000000000    0.3261099820    0.2557890652   -0.4051075374    0.0000000000   -0.1014471071    0.3921996957    0.1659743970    0.3797739667    0.1014471071   -0.3921996957 
   0.5000000000    0.0000000000    0.0000000000    0.0000000000    0.5000000000   -0.0000000000    0.4959263065    0.0636953575    0.0000000000    0.0000000000    0.4959263065    0.0636953575 
  -0.6670945493    0.0000000000    0.0000000000    0.0000000000    0.0000000000    0.0000000000    0.0000000000    0.0000000000    0.3724865307    0.3724865307    0.3724865307   -0.3724865307 
   0.0000000000    0.0000000000   -0.5169960043    0.1010324835   -0.1010324835   -0.5169960043    0.5534205957    0.3724792369   -0.0000000000    0.0000000000   -0.0000000000   -0.0000000000 
   0.0000000000    0.0000000000    0.4055078307    0.4404832986    0.4404832986   -0.4055078307   -0.0000000000   -0.0000000000    0.1139578628    0.3585407486   -0.3585407486    0.1139578628 
  -0.0000000000   -0.0000000000    0.3651340607    0.0906365305    0.0906365305   -0.3651340607   -0.0000000000    0.0000000000   -0.4656782223   -0.3763056342    0.3763056342   -0.4656782223 
   0.7449730615    0.0000000000    0.0000000000    0.0000000000    0.0000000000    0.0000000000    0.0000000000    0.0000000000    0.3335472746    0.3335472746    0.3335472746   -0.3335472746 
   0.0000000000    0.0000000000    0.4629499163   -0.0904706794    0.0904706794    0.4629499163    0.6180284878    0.4159635208   -0.0000000000    0.0000000000   -0.0000000000   -0.0000000000 
   0.4999999215    0.0000000000    0.0000000000    0.0000002123   -0.5000000785   -0.0000000000    0.0000000000   -0.5000000794    0.0000002117    0.0000000000   -0.0000000000    0.4999999206 
  -0.2330670652    0.0000000000   -0.0000000000    0.6255874393   -0.2330667263   -0.0000000000    0.0000000000   -0.2330667262    0.6255874394    0.0000000000    0.0000000000   -0.2330670650 
  -0.4552386129    0.0000000000    0.0000000000   -0.2924305212   -0.4552386139   -0.0000000000   -0.0000000000    0.4552386130    0.2924305210    0.0000000000   -0.0000000000    0.4552386140 
   0.4423571206    0.0000000000   -0.0000000000    0.3296063648    0.4423571206    0.0000000000   -0.0000000000    0.4423571206    0.3296063649    0.0000000000   -0.0000000000    0.4423571205 
   0.2067796044   -0.0000000000    0.0000000000   -0.6438046213    0.2067796044    0.0000000000    0.0000000000   -0.2067796045    0.6438046212    0.0000000000    0.0000000000   -0.2067796045 
  -0.5000000000    0.0000000000   -0.0000000000    0.0000000000    0.5000000000    0.0000000000    0.0000000000   -0.5000000000    0.0000000000    0.0000000000   -0.0000000000    0.5000000000 
  -0.5773502692    0.0000000000    0.2886751346   -0.0000000000    0.2886751346   -0.0000000000    0.0586924716    0.5743592318   -0.0293462358   -0.2871796159   -0.0293462358   -0.2871796159 
  -0.0000000000   -0.0000000000    0.4999797759    0.0044970760   -0.4999797759   -0.0044970760    0.0000000000   -0.0000000000   -0.0463533371   -0.4978467316    0.0463533371    0.4978467316 
   0.4082482905   -0.0000000000    0.4082482905   -0.0000000000    0.4082482905   -0.0000000000   -0.3232715976   -0.2493233660   -0.3232715976   -0.2493233660   -0.3232715976   -0.2493233660 
  -0.4082482905    0.0000000000   -0.4082482905   -0.0000000000   -0.4082482905   -0.0000000000   -0.3232715976   -0.2493233660   -0.3232715976   -0.2493233660   -0.3232715976   -0.2493233660 
   0.5773502692    0.0000000000   -0.2886751346    0.0000000000   -0.2886751346   -0.0000000000    0.0586924716    0.5743592318   -0.0293462358   -0.2871796159   -0.0293462358   -0.2871796159 
   0.0000000000    0.0000000000    0.4999983076    0.0013009236   -0.4999983076   -0.0013009236    0.0000000000   -0.0000000000    0.0495348154    0.4975402517   -0.0495348154   -0.4975402517 
  -0.7071067812    0.0000000000    0.0000000000    0.0000000000    0.0000000000   -0.0000000000    0.4232087191    0.4232087191   -0.0000000000    0.0000000000    0.2662599859   -0.2662599859 
   0.0000000000    0.0000000000   -0.0000000005   -0.0000000014    0.0074803000    0.7070672140   -0.2690617825   -0.2634283913   -0.0000000006    0.0000000013    0.4187080221   -0.4276620536 
   0.0000000000    0.0000000000    0.2376999245    0.6659570150    0.0000000000    0.0000000015   -0.0000000006   -0.0000000006    0.3028234928   -0.6389819498    0.0000000009   -0.0000000009 
   0.0000000000    0.0000000000   -0.2597567443   -0.6576674188    0.0000000000   -0.0000000000    0.0000000000    0.0000000000    0.2813653362   -0.6487168470    0.0000000000    0.0000000000 
  -0.7071067812   -0.0000000000   -0.0000000000   -0.0000000000   -0.0000000000    0.0000000000   -0.4232087191   -0.4232087191    0.0000000000   -0.0000000000   -0.2662599859    0.2662599859 
  -0.0000000000   -0.0000000000    0.0000000000    0.0000000000    0.0116999368   -0.7070099798   -0.2618179420   -0.2706291289    0.0000000000   -0.0000000000    0.4301532827   -0.4161482827 
   0.3736648601    0.0000000000    0.3225974076   -0.3415846267    0.3736648601    0.0000000000   -0.3484344520    0.1349772588   -0.4242042118   -0.2019899287   -0.3484344520    0.1349772588 
   0.5000000000    0.0000000000   -0.0000000000   -0.0000000000   -0.5000000000   -0.0000000000   -0.0636953575   -0.4959263065    0.0000000000    0.0000000000    0.0636953575    0.4959263065 
   0.3072886779    0.0000000000   -0.4548493173    0.3228922969    0.3072886779   -0.0000000000   -0.0667858897    0.2999432888    0.4140305288   -0.3737994891   -0.0667858897    0.2999432888 
   0.3191177272    0.0000000000   -0.3537342865    0.4137629839    0.3191177272   -0.0000000000   -0.0255792571   -0.3180909075   -0.3840776375    0.3857617408   -0.0255792571   -0.3180909075 
  -0.4051075374   -0.0000000000   -0.3261099820    0.2557890652   -0.4051075374   -0.0000000000   -0.3921996957    0.1014471071   -0.3797739667   -0.1659743970   -0.3921996957    0.1014471071 
   0.5000000000    0.0000000000    0.0000000000   -0.0000000000   -0.5000000000   -0.0000000000    0.0636953575    0.4959263065    0.0000000000    0.0000000000   -0.0636953575   -0.4959263065 
   0.4698394881    0.0000000000    0.2565627586   -0.2716633552   -0.2565627586    0.2716633552   -0.4470953805   -0.1444121372   -0.1606432417   -0.3373709777    0.1606432417    0.3373709777 
   0.0000000000    0.0000000000   -0.4942353721    0.0757059902   -0.4942353721    0.0757059902   -0.0000000000    0.0000000000    0.4998528854   -0.0121281868    0.4998528854   -0.0121281868 
  -0.5578058236    0.0000000000    0.2505711476   -0.1778775747   -0.2505711476    0.1778775747   -0.0651394669    0.5539893381    0.2059217490   -0.2280845564   -0.2059217490    0.2280845564 
  -0.5443599474   -0.0000000000    0.2073680882   -0.2425584462   -0.2073680882    0.2425584462   -0.0412593823   -0.5427940822   -0.2261434012    0.2251561368    0.2261434012   -0.2251561368 
   0.4144584011    0.0000000000    0.3187524041   -0.2500180429   -0.3187524041    0.2500180429    0.3649773660    0.1963855609    0.1622297415    0.3712056409   -0.1622297415   -0.3712056409 
   0.0000000000    0.0000000000   -0.2113933111   -0.4531146301   -0.2113933111   -0.4531146301   -0.0000000000    0.0000000000   -0.1519484113   -0.4763524749   -0.1519484113   -0.4763524749 
  -0.0000000000   -0.0000000000    0.1309215621    0.5283217279   -0.1518513819   -0.4250610006   -0.0000000000    0.0000000000    0.4550824663   -0.2916853927   -0.4117550696    0.1956459640 
   0.0000000000    0.0000000000   -0.1516470372    0.4251339465   -0.1306675823    0.5283846010   -0.0000000000   -0.0000000000    0.1954480105   -0.4118490691    0.2914666005   -0.4552226271 
  -0.7071067812    0.0000000000    0.0000000000    0.0000000000    0.0000000000    0.0000000000    0.5000000000    0.5000000000    0.0000000000   -0.0000000000    0.0000000000   -0.0000000000 
  -0.7071067812   -0.0000000000   -0.0000000000   -0.0000000000   -0.0000000000   -0.0000000000   -0.5000000000   -0.5000000000   -0.0000000000    0.0000000000   -0.0000000000    0.0000000000 
   0.0000000000    0.0000000000    0.0279436309    0.5428162747   -0.0733974878   -0.4462986155    0.0000000000   -0.0000000000   -0.5038459235    0.2011887361    0.4381029022   -0.1171675078 
   0.0000000000    0.0000000000   -0.1646014145    0.4212790284   -0.1402122083    0.5251389257    0.0000000000    0.0000000000   -0.2057102737    0.4041604398   -0.3015660845    0.4509939233 
   0.5773502692    0.0000000000   -0.2886751346    0.0000000000    0.2886751346    0.0000000000   -0.5743592318   -0.0586924716    0.2871796159    0.0293462358   -0.2871796159   -0.0293462358 
   0.0000000000    0.0000000000   -0.4996761520    0.0179928634   -0.4996761520    0.0179928634    0.0000000000   -0.0000000000    0.4989166400    0.0328966005    0.4989166400    0.0328966005 
  -0.4082482905    0.0000000000   -0.4082482905    0.0000000000    0.4082482905    0.0000000000    0.2493233660    0.3232715976    0.2493233660    0.3232715976   -0.2493233660   -0.3232715976 
   0.4082482905   -0.0000000000    0.4082482905    0.0000000000   -0.4082482905    0.0000000000    0.2493233660    0.3232715976    0.2493233660    0.3232715976   -0.2493233660   -0.3232715976 
  -0.5773502692    0.0000000000    0.2886751346    0.0000000000   -0.2886751346    0.0000000000   -0.5743592318   -0.0586924716    0.2871796159    0.0293462358   -0.2871796159   -0.0293462358 
  -0.0000000000   -0.0000000000    0.4978009754    0.0468421696    0.4978009754    0.0468421696   -0.0000000000    0.0000000000    0.4904601560    0.0972051199    0.4904601560    0.0972051199 
  -0.0000000000   -0.0000000000   -0.1329797755   -0.4819920947   -0.1329797755   -0.4819920947   -0.0000000000   -0.0000000000    0.1329797755    0.4819920947    0.1329797755    0.4819920947 
   0.6255874394    0.0000000000    0.0000000000   -0.2330668957    0.0000000000    0.2330668957   -0.6255874393    0.0000000000   -0.0000000000   -0.2330668957   -0.0000000000    0.2330668957 
   0.2924305211    0.0000000000   -0.0000000000    0.4552386134   -0.0000000000   -0.4552386134    0.2924305211    0.0000000000    0.0000000000   -0.4552386134    0.0000000000    0.4552386134 
   0.3296063651    0.0000000000   -0.0000000000    0.4423571205   -0.0000000000   -0.4423571205   -0.3296063646   -0.0000000000   -0.0000000000    0.4423571207   -0.0000000000   -0.4423571207 
  -0.6438046211    0.0000000000   -0.0000000000    0.2067796046   -0.0000000000   -0.2067796046   -0.6438046214   -0.0000000000   -0.0000000000   -0.2067796043   -0.0000000000    0.2067796043 
   0.0000000000    0.0000000000    0.4832321134    0.1284006410    0.4832321134    0.1284006410   -0.0000000000   -0.0000000000    0.4832321134    0.1284006410    0.4832321134    0.1284006410 
  -0.5267755036    0.0000000000   -0.0000000000    0.0000000000   -0.0000000000   -0.5267755036    0.0000000000   -0.0000000000    0.4717070795    0.4717070795    0.0000000000   -0.0000000000 
   0.0000000000    0.0000000000    0.6225459207    0.2396908725    0.0000000000   -0.0000000000   -0.2137753169   -0.4814483825    0.0000000000    0.0000000000   -0.4814483825    0.2137753169 
   0.0000000000    0.0000000000   -0.0000000000   -0.0000000000   -0.0000000000    0.0000000000    0.0973470429   -0.7003738668    0.0000000000   -0.0000000000    0.7003738668    0.0973470429 
  -0.7071067812    0.0000000000    0.0000000000   -0.0000000000    0.0000000000    0.7071067812   -0.0000000000    0.0000000000   -0.0000000000   -0.0000000000   -0.0000000000    0.0000000000 
   0.0000000000    0.0000000000    0.7438064935    0.0416744834    0.0000000000   -0.0000000000    0.3143660227    0.3516839100   -0.0000000000   -0.0000000000    0.3516839100   -0.3143660227 
   0.4717070795    0.0000000000    0.0000000000   -0.0000000000    0.0000000000    0.4717070795   -0.0000000000    0.0000000000    0.5267755036    0.5267755036    0.0000000000   -0.0000000000 
  -0.4698394881    0.0000000000   -0.2565627586   -0.2716633552   -0.2565627586   -0.2716633552    0.1444121372    0.4470953805    0.3373709777    0.1606432417    0.3373709777    0.1606432417 
  -0.0000000000   -0.0000000000   -0.4993816174    0.0248596100    0.4993816174   -0.0248596100    0.0000000000   -0.0000000000    0.0882736504    0.4921460786   -0.0882736504   -0.4921460786 
   0.5578058236   -0.0000000000   -0.2505711476   -0.1778775747   -0.2505711476   -0.1778775747   -0.5539893381    0.0651394669    0.2280845564   -0.2059217490    0.2280845564   -0.2059217490 
   0.5443599474   -0.0000000000   -0.2073680882   -0.2425584462   -0.2073680882   -0.2425584462    0.5427940822    0.0412593823   -0.2251561368    0.2261434012   -0.2251561368    0.2261434012 
  -0.4144584011    0.0000000000   -0.3187524041   -0.2500180429   -0.3187524041   -0.2500180429   -0.1963855609   -0.3649773660   -0.3712056409   -0.1622297415   -0.3712056409   -0.1622297415 
   0.0000000000    0.0000000000   -0.4538962922    0.2097096944    0.4538962922   -0.2097096944    0.0000000000   -0.0000000000   -0.2658232815   -0.4234831555    0.2658232815    0.4234831555 
   0.4999999215    0.0000000000    0.0000000000   -0.0000002123    0.5000000785   -0.0000000000   -0.5000000794   -0.0000000000    0.0000000000    0.0000002117   -0.4999999206    0.0000000000 
   0.2330670652    0.0000000000   -0.0000000000    0.6255874393   -0.2330667263   -0.0000000000    0.2330667262    0.0000000000    0.0000000000   -0.6255874394   -0.2330670650   -0.0000000000 
  -0.4552386129    0.0000000000    0.0000000000    0.2924305212    0.4552386139   -0.0000000000    0.4552386130   -0.0000000000    0.0000000000    0.2924305210   -0.4552386140    0.0000000000 
   0.4423571206    0.0000000000   -0.0000000000   -0.3296063648   -0.4423571206    0.0000000000    0.4423571206   -0.0000000000    0.0000000000    0.3296063649   -0.4423571205    0.0000000000 
   0.2067796044   -0.0000000000   -0.0000000000    0.6438046213   -0.2067796044   -0.0000000000   -0.2067796045    0.0000000000   -0.0000000000    0.6438046212    0.2067796045    0.0000000000 
  -0.5000000000    0.0000000000   -0.0000000000   -0.0000000000   -0.5000000000    0.0000000000   -0.5000000000   -0.0000000000    0.0000000000    0.0000000000   -0.5000000000    0.0000000000 
  -0.3736648601    0.0000000000   -0.3736648601    0.0000000000   -0.3225974076   -0.3415846267    0.3484344520    0.1349772588    0.3484344520    0.1349772588    0.4242042118   -0.2019899287 
  -0.5000000000    0.0000000000    0.5000000000   -0.0000000000   -0.0000000000   -0.0000000000    0.0636953575   -0.4959263065   -0.0636953575    0.4959263065   -0.0000000000   -0.0000000000 
  -0.3072886779    0.0000000000   -0.3072886779    0.0000000000    0.4548493173    0.3228922969    0.0667858897    0.2999432888    0.0667858897    0.2999432888   -0.4140305288   -0.3737994891 
  -0.3191177272    0.0000000000   -0.3191177272    0.0000000000    0.3537342865    0.4137629839    0.0255792571   -0.3180909075    0.0255792571   -0.3180909075    0.3840776375    0.3857617408 
   0.4051075374    0.0000000000    0.4051075374   -0.0000000000    0.3261099820    0.2557890652    0.3921996957    0.1014471071    0.3921996957    0.1014471071    0.3797739667   -0.1659743970 
  -0.5000000000    0.0000000000    0.5000000000   -0.0000000000   -0.0000000000   -0.0000000000   -0.0636953575    0.4959263065    0.0636953575   -0.4959263065   -0.0000000000    0.0000000000 
  -0.7071067812    0.0000000000    0.0000000000    0.0000000000    0.0000000000    0.0000000000    0.0000000000    0.0000000000    0.7071067812    0.0000000000   -0.0000000000    0.0000000000 
   0.0000000000    0.0000000000    0.7071067809    0.0000000000   -0.0000000003    0.0000000000   -0.7071067814    0.0000000000    0.0000000000    0.0000000000    0.0000000012    0.0000000000 
   0.0000000000    0.0000000000    0.0000000009    0.0000000000    0.2566723918    0.0000000000   -0.0000000009    0.0000000000   -0.0000000000    0.0000000000   -0.9664984652    0.0000000000 
   0.0000000000    0.0000000000    0.0000000000    0.0000000000   -0.9664984652    0.0000000000    0.0000000000    0.0000000000   -0.0000000000    0.0000000000   -0.2566723918    0.0000000000 
   0.0000000000    0.0000000000   -0.7071067814    0.0000000000   -0.0000000000    0.0000000000   -0.7071067809    0.0000000000    0.0000000000    0.0000000000    0.0000000000    0.0000000000 
  -0.7071067812   -0.0000000000   -0.0000000000   -0.0000000000   -0.0000000000   -0.0000000000   -0.0000000000   -0.0000000000   -0.7071067812   -0.0000000000    0.0000000000   -0.0000000000 
  -0.3736648601    0.0000000000    0.3736648601   -0.0000000000   -0.3225974076   -0.3415846267   -0.1349772588    0.3484344520    0.1349772588   -0.3484344520    0.2019899287    0.4242042118 
  -0.5000000000    0.0000000000   -0.5000000000    0.0000000000   -0.0000000000   -0.0000000000    0.4959263065    0.0636953575    0.4959263065    0.0636953575    0.0000000000   -0.0000000000 
  -0.3072886779    0.0000000000    0.3072886779   -0.0000000000    0.4548493173    0.3228922969   -0.2999432888    0.0667858897    0.2999432888   -0.0667858897    0.3737994891   -0.4140305288 
  -0.3191177272    0.0000000000    0.3191177272   -0.0000000000    0.3537342865    0.4137629839    0.3180909075    0.0255792571   -0.3180909075   -0.0255792571   -0.3857617408    0.3840776375 
  -0.4051075374    0.0000000000    0.4051075374   -0.0000000000   -0.3261099820   -0.2557890652    0.1014471071   -0.3921996957   -0.1014471071    0.3921996957   -0.1659743970   -0.3797739667 
  -0.5000000000    0.0000000000   -0.5000000000    0.0000000000   -0.0000000000   -0.0000000000   -0.4959263065   -0.0636953575   -0.4959263065   -0.0636953575   -0.0000000000   -0.0000000000 
   0.5773502661    0.0000000000    0.2886751374    0.0000000000    0.2886751374    0.0000000000   -0.5773502709    0.0000000000   -0.2886751332    0.0000000000   -0.2886751332    0.0000000000 
   0.0000000000    0.0000000000   -0.5000000000    0.0000000000    0.5000000000    0.0000000000   -0.0000000000    0.0000000000    0.5000000000    0.0000000000   -0.5000000000    0.0000000000 
   0.4082482935    0.0000000000   -0.4082482889    0.0000000000   -0.4082482889    0.0000000000    0.4082482874    0.0000000000   -0.4082482920    0.0000000000   -0.4082482920    0.0000000000 
  -0.4082482915   -0.0000000000    0.4082482900   -0.0000000000    0.4082482900   -0.0000000000    0.4082482915   -0.0000000000   -0.4082482900   -0.0000000000   -0.4082482900   -0.0000000000 
   0.5773502694    0.0000000000    0.2886751347    0.0000000000    0.2886751347    0.0000000000    0.5773502690    0.0000000000    0.2886751345    0.0000000000    0.2886751345    0.0000000000 
   0.0000000000    0.0000000000   -0.5000000000    0.0000000000    0.5000000000    0.0000000000   -0.0000000000    0.0000000000   -0.5000000000    0.0000000000    0.5000000000    0.0000000000 
  -0.3736648601    0.0000000000    0.3736648601   -0.0000000000   -0.3225974076    0.3415846267   -0.1349772588   -0.3484344520    0.1349772588    0.3484344520    0.2019899287   -0.4242042118 
  -0.5000000000    0.0000000000   -0.5000000000   -0.0000000000   -0.0000000000    0.0000000000    0.4959263065   -0.0636953575    0.4959263065   -0.0636953575    0.0000000000    0.0000000000 
  -0.3072886779    0.0000000000    0.3072886779    0.0000000000    0.4548493173   -0.3228922969   -0.2999432888   -0.0667858897    0.2999432888    0.0667858897    0.3737994891    0.4140305288 
  -0.3191177272    0.0000000000    0.3191177272    0.0000000000    0.3537342865   -0.4137629839    0.3180909075   -0.0255792571   -0.3180909075    0.0255792571   -0.3857617408   -0.3840776375 
  -0.4051075374    0.0000000000    0.4051075374    0.0000000000   -0.3261099820    0.2557890652    0.1014471071    0.3921996957   -0.1014471071   -0.3921996957   -0.1659743970    0.3797739667 
  -0.5000000000    0.0000000000   -0.5000000000   -0.0000000000   -0.0000000000    0.0000000000   -0.4959263065    0.0636953575   -0.4959263065    0.0636953575   -0.0000000000    0.0000000000 
   0.3736648601    0.0000000000   -0.3736648601    0.0000000000   -0.3225974076   -0.3415846267    0.1349772588   -0.3484344520   -0.1349772588    0.3484344520    0.2019899287    0.4242042118 
   0.5000000000    0.0000000000    0.5000000000    0.0000000000   -0.0000000000   -0.0000000000   -0.4959263065   -0.0636953575   -0.4959263065   -0.0636953575    0.0000000000   -0.0000000000 
   0.3072886779    0.0000000000   -0.3072886779   -0.0000000000    0.4548493173    0.3228922969    0.2999432888   -0.0667858897   -0.2999432888    0.0667858897    0.3737994891   -0.4140305288 
   0.3191177272    0.0000000000   -0.3191177272   -0.0000000000    0.3537342865    0.4137629839   -0.3180909075   -0.0255792571    0.3180909075    0.0255792571   -0.3857617408    0.3840776375 
   0.4051075374    0.0000000000   -0.4051075374   -0.0000000000   -0.3261099820   -0.2557890652   -0.1014471071    0.3921996957    0.1014471071   -0.3921996957   -0.1659743970   -0.3797739667 
   0.5000000000    0.0000000000    0.5000000000    0.0000000000   -0.0000000000   -0.0000000000    0.4959263065    0.0636953575    0.4959263065    0.0636953575   -0.0000000000   -0.0000000000 
  -0.7071067812    0.0000000000    0.0000000000    0.0000000000    0.0000000000    0.0000000000    0.4232087191    0.4232087191    0.2662599859   -0.2662599859   -0.0000000000    0.0000000000 
   0.0000000000    0.0000000000   -0.6603432927   -0.2528769183   -0.0000000000   -0.0000000000    0.3438716852   -0.1534308452    0.2438716852    0.5465691548   -0.0000000000    0.0000000000 
   0.0000000000    0.0000000000   -0.0000000000   -0.0000000000    0.2025659344    0.6774710637    0.0000000000   -0.0000000000    0.0000000000    0.0000000000    0.3358086374   -0.6222801291 
  -0.0000000000   -0.0000000000    0.0000000000    0.0000000000   -0.2236401292   -0.6708092818    0.0000000000   -0.0000000000    0.0000000000    0.0000000000    0.3161963402   -0.6324712440 
  -0.7071067812   -0.0000000000   -0.0000000000   -0.0000000000   -0.0000000000   -0.0000000000   -0.4232087191   -0.4232087191   -0.2662599859    0.2662599859    0.0000000000   -0.0000000000 
   0.0000000000    0.0000000000    0.6955468684    0.1273363805    0.0000000000    0.0000000000    0.3098554392   -0.2139587973    0.3400782444    0.4925018046   -0.0000000000    0.0000000000 
  -0.5773502692   -0.0000000000   -0.2886751346   -0.0000000000   -0.2886751346   -0.0000000000    0.5743592318    0.0586924716    0.2871796159    0.0293462358    0.2871796159    0.0293462358 
  -0.0000000000   -0.0000000000   -0.4912324766   -0.0932236769    0.4912324766    0.0932236769   -0.0000000000    0.0000000000    0.4792106190    0.1426785992   -0.4792106190   -0.1426785992 
  -0.4082482905    0.0000000000    0.4082482905    0.0000000000    0.4082482905    0.0000000000    0.2493233660    0.3232715976   -0.2493233660   -0.3232715976   -0.2493233660   -0.3232715976 
   0.4082482905   -0.0000000000   -0.4082482905   -0.0000000000   -0.4082482905   -0.0000000000    0.2493233660    0.3232715976   -0.2493233660   -0.3232715976   -0.2493233660   -0.3232715976 
  -0.5773502692    0.0000000000   -0.2886751346   -0.0000000000   -0.2886751346   -0.0000000000   -0.5743592318   -0.0586924716   -0.2871796159   -0.0293462358   -0.2871796159   -0.0293462358 
   0.0000000000    0.0000000000   -0.4269532243    0.2602132668    0.4269532243   -0.2602132668   -0.0000000000    0.0000000000   -0.4511941877    0.2154618412    0.4511941877   -0.2154618412 
   0.4999999215    0.0000000000    0.5000000785    0.0000000000    0.0000000000    0.0000002123   -0.5000000794    0.0000000000   -0.4999999206   -0.0000000000    0.0000000000   -0.0000002117 
   0.2330670652    0.0000000000   -0.2330667263    0.0000000000   -0.0000000000   -0.6255874393    0.2330667262   -0.0000000000   -0.2330670650   -0.0000000000    0.0000000000    0.6255874394 
  -0.4552386129    0.0000000000    0.4552386139    0.0000000000    0.0000000000   -0.2924305212    0.4552386130   -0.0000000000   -0.4552386140   -0.0000000000    0.0000000000   -0.2924305210 
   0.4423571206    0.0000000000   -0.4423571206   -0.0000000000   -0.0000000000    0.3296063648    0.4423571206   -0.0000000000   -0.4423571205   -0.0000000000    0.0000000000   -0.3296063649 
   0.2067796044   -0.0000000000   -0.2067796044   -0.0000000000    0.0000000000   -0.6438046213   -0.2067796045   -0.0000000000    0.2067796045    0.0000000000    0.0000000000   -0.6438046212 
  -0.5000000000    0.0000000000   -0.5000000000   -0.0000000000   -0.0000000000    0.0000000000   -0.5000000000   -0.0000000000   -0.5000000000   -0.0000000000    0.0000000000   -0.0000000000 
  -0.5773502661   -0.0000000000   -0.2886751374   -0.0000000000    0.2886751374   -0.0000000000    0.5773502709   -0.0000000000    0.2886751332   -0.0000000000   -0.2886751332   -0.0000000000 
   0.0000000000    0.0000000000    0.5000000000    0.0000000000    0.5000000000    0.0000000000    0.0000000000    0.0000000000   -0.5000000000    0.0000000000   -0.5000000000    0.0000000000 
   0.4082482935    0.0000000000   -0.4082482889    0.0000000000    0.4082482889    0.0000000000    0.4082482874    0.0000000000   -0.4082482920    0.0000000000    0.4082482920    0.0000000000 
  -0.4082482915   -0.0000000000    0.4082482900   -0.0000000000   -0.4082482900   -0.0000000000    0.4082482915   -0.0000000000   -0.4082482900   -0.0000000000    0.4082482900   -0.0000000000 
   0.5773502694    0.0000000000    0.2886751347    0.0000000000   -0.2886751347    0.0000000000    0.5773502690    0.0000000000    0.2886751345    0.0000000000   -0.2886751345    0.0000000000 
   0.0000000000    0.0000000000   -0.5000000000    0.0000000000   -0.5000000000    0.0000000000   -0.0000000000    0.0000000000   -0.5000000000    0.0000000000   -0.5000000000    0.0000000000 
   0.5773502692    0.0000000000    0.2886751346   -0.0000000000   -0.2886751346   -0.0000000000   -0.5743592318   -0.0586924716   -0.2871796159   -0.0293462358    0.2871796159    0.0293462358 
   0.0000000000    0.0000000000   -0.4924766763    0.0864102034   -0.4924766763    0.0864102034   -0.0000000000    0.0000000000    0.4987096556   -0.0358981814    0.4987096556   -0.0358981814 
  -0.4082482905    0.0000000000    0.4082482905   -0.0000000000   -0.4082482905   -0.0000000000    0.2493233660    0.3232715976   -0.2493233660   -0.3232715976    0.2493233660    0.3232715976 
   0.4082482905   -0.0000000000   -0.4082482905    0.0000000000    0.4082482905    0.0000000000    0.2493233660    0.3232715976   -0.2493233660   -0.3232715976    0.2493233660    0.3232715976 
  -0.5773502692    0.0000000000   -0.2886751346    0.0000000000    0.2886751346    0.0000000000   -0.5743592318   -0.0586924716   -0.2871796159   -0.0293462358    0.2871796159    0.0293462358 
  -0.0000000000   -0.0000000000    0.4357240825    0.2452438051    0.4357240825    0.2452438051   -0.0000000000   -0.0000000000    0.4085356789    0.2882682762    0.4085356789    0.2882682762 
  -0.7071067812    0.0000000000    0.0000000000    0.0000000000    0.0000000000    0.0000000000    0.7071067812    0.0000000000    0.0000000000    0.0000000000    0.0000000000    0.0000000000 
   0.0000000000    0.0000000000   -0.7071067812    0.0000000000    0.0000000000    0.0000000000    0.0000000000    0.0000000000    0.7071067812    0.0000000000    0.0000000000    0.0000000000 
  -0.0000000000   -0.0000000000    0.0000000000   -0.0000000000    0.7071067812   -0.0000000000   -0.0000000000   -0.0000000000   -0.0000000000   -0.0000000000   -0.7071067812   -0.0000000000 
  -0.7071067812   -0.0000000000   -0.0000000000   -0.0000000000   -0.0000000000   -0.0000000000   -0.7071067812   -0.0000000000   -0.0000000000   -0.0000000000   -0.0000000000   -0.0000000000 
   0.0000000000    0.0000000000    0.7071067812    0.0000000000   -0.0000000000    0.0000000000    0.0000000000    0.0000000000    0.7071067812    0.0000000000    0.0000000000    0.0000000000 
   0.0000000000    0.0000000000   -0.0000000000    0.0000000000   -0.7071067812    0.0000000000    0.0000000000    0.0000000000    0.0000000000    0.0000000000   -0.7071067812    0.0000000000 
   0.3736648601    0.0000000000   -0.3736648601   -0.0000000000   -0.3225974076    0.3415846267    0.1349772588    0.3484344520   -0.1349772588   -0.3484344520    0.2019899287   -0.4242042118 
   0.5000000000    0.0000000000    0.5000000000   -0.0000000000   -0.0000000000    0.0000000000   -0.4959263065    0.0636953575   -0.4959263065    0.0636953575    0.0000000000    0.0000000000 
   0.3072886779    0.0000000000   -0.3072886779    0.0000000000    0.4548493173   -0.3228922969    0.2999432888    0.0667858897   -0.2999432888   -0.0667858897    0.3737994891    0.4140305288 
   0.3191177272    0.0000000000   -0.3191177272    0.0000000000    0.3537342865   -0.4137629839   -0.3180909075    0.0255792571    0.3180909075   -0.0255792571   -0.3857617408   -0.3840776375 
   0.4051075374    0.0000000000   -0.4051075374    0.0000000000   -0.3261099820    0.2557890652   -0.1014471071   -0.3921996957    0.1014471071    0.3921996957   -0.1659743970    0.3797739667 
   0.5000000000    0.0000000000    0.5000000000   -0.0000000000   -0.0000000000    0.0000000000    0.4959263065   -0.0636953575    0.4959263065   -0.0636953575   -0.0000000000    0.0000000000 
  -0.3736648601    0.0000000000   -0.3736648601    0.0000000000    0.3225974076    0.3415846267    0.1349772588   -0.3484344520    0.1349772588   -0.3484344520    0.2019899287    0.4242042118 
  -0.5000000000    0.0000000000    0.5000000000   -0.0000000000    0.0000000000    0.0000000000   -0.4959263065   -0.0636953575    0.4959263065    0.0636953575    0.0000000000   -0.0000000000 
  -0.3072886779    0.0000000000   -0.3072886779    0.0000000000   -0.4548493173   -0.3228922969    0.2999432888   -0.0667858897    0.2999432888   -0.0667858897    0.3737994891   -0.4140305288 
  -0.3191177272    0.0000000000   -0.3191177272   -0.0000000000   -0.3537342865   -0.4137629839   -0.3180909075   -0.0255792571   -0.3180909075   -0.0255792571   -0.3857617408    0.3840776375 
   0.4051075374    0.0000000000    0.4051075374   -0.0000000000   -0.3261099820   -0.2557890652    0.1014471071   -0.3921996957    0.1014471071   -0.3921996957    0.1659743970    0.3797739667 
  -0.5000000000    0.0000000000    0.5000000000   -0.0000000000    0.0000000000    0.0000000000    0.4959263065    0.0636953575   -0.4959263065   -0.0636953575   -0.0000000000   -0.0000000000 
  -0.6670945493    0.0000000000    0.0000000000    0.0000000000    0.0000000000    0.0000000000    0.0000000000    0.0000000000    0.3724865307   -0.3724865307    0.3724865307    0.3724865307 
   0.0000000000    0.0000000000    0.4001254571   -0.3426252322   -0.3426252322   -0.4001254571   -0.0514892265    0.6651045010   -0.0000000000   -0.0000000000   -0.0000000000    0.0000000000 
   0.0000000000    0.0000000000   -0.3641382934    0.0952609681   -0.0952609681   -0.3641382934    0.0000000000    0.0000000000    0.4658132714   -0.3759609653   -0.3759609653   -0.4658132714 
   0.0000000000    0.0000000000   -0.5895155504   -0.1039233709    0.1039233709   -0.5895155504   -0.0000000000   -0.0000000000   -0.3648127464    0.0926445294    0.0926445294    0.3648127464 
   0.7449730615    0.0000000000    0.0000000000    0.0000000000    0.0000000000    0.0000000000    0.0000000000    0.0000000000    0.3335472746   -0.3335472746    0.3335472746    0.3335472746 
   0.0000000000    0.0000000000   -0.3582968637    0.3068076373    0.3068076373    0.3582968637   -0.0575002250    0.7427506893   -0.0000000000    0.0000000000    0.0000000000    0.0000000000 
   0.3736648601    0.0000000000    0.3225974076   -0.3415846267   -0.3736648601   -0.0000000000    0.1349772588    0.3484344520   -0.2019899287    0.4242042118   -0.1349772588   -0.3484344520 
   0.5000000000    0.0000000000   -0.0000000000   -0.0000000000    0.5000000000    0.0000000000   -0.4959263065    0.0636953575    0.0000000000   -0.0000000000   -0.4959263065    0.0636953575 
   0.3072886779    0.0000000000   -0.4548493173    0.3228922969   -0.3072886779    0.0000000000    0.2999432888    0.0667858897   -0.3737994891   -0.4140305288   -0.2999432888   -0.0667858897 
   0.3191177272    0.0000000000   -0.3537342865    0.4137629839   -0.3191177272    0.0000000000   -0.3180909075    0.0255792571    0.3857617408    0.3840776375    0.3180909075   -0.0255792571 
   0.4051075374    0.0000000000    0.3261099820   -0.2557890652   -0.4051075374   -0.0000000000   -0.1014471071   -0.3921996957    0.1659743970   -0.3797739667    0.1014471071    0.3921996957 
   0.5000000000    0.0000000000    0.0000000000   -0.0000000000    0.5000000000    0.0000000000    0.4959263065   -0.0636953575    0.0000000000   -0.0000000000    0.4959263065   -0.0636953575 
   0.0000000000    0.0000000000    0.0384774984   -0.4985172837   -0.0384774984    0.4985172837   -0.0000000000   -0.0000000000    0.4985172837    0.0384774984   -0.4985172837   -0.0384774984 
  -0.6255874394    0.0000000000   -0.0000000000    0.2330668957   -0.0000000000    0.2330668957    0.0000000000   -0.6255874393    0.2330668957    0.0000000000    0.2330668957    0.0000000000 
  -0.2924305211    0.0000000000    0.0000000000   -0.4552386134    0.0000000000   -0.4552386134   -0.0000000000    0.2924305211    0.4552386134    0.0000000000    0.4552386134    0.0000000000 
  -0.3296063651    0.0000000000    0.0000000000   -0.4423571205   -0.0000000000   -0.4423571205   -0.0000000000   -0.3296063646   -0.4423571207   -0.0000000000   -0.4423571207    0.0000000000 
   0.6438046211    0.0000000000    0.0000000000   -0.2067796046   -0.0000000000   -0.2067796046   -0.0000000000   -0.6438046214    0.2067796043   -0.0000000000    0.2067796043    0.0000000000 
   0.0000000000    0.0000000000    0.0852700490   -0.4926753685   -0.0852700490    0.4926753685    0.0000000000    0.0000000000   -0.4926753685   -0.0852700490    0.4926753685    0.0852700490 
  -0.5267755036    0.0000000000   -0.0000000000   -0.0000000000   -0.0000000000    0.5267755036    0.0000000000    0.0000000000    0.4717070795   -0.4717070795    0.0000000000    0.0000000000 
   0.0000000000    0.0000000000    0.2376849006   -0.6233145480    0.0000000000    0.0000000000    0.2153245738    0.4807574847   -0.0000000000   -0.0000000000   -0.4807574847    0.2153245738 
  -0.0000000000   -0.0000000000   -0.0000000000    0.0000000000    0.0000000000    0.0000000000   -0.2808063797   -0.6489589950   -0.0000000000   -0.0000000000   -0.6489589950    0.2808063797 
  -0.7071067812    0.0000000000    0.0000000000    0.0000000000    0.0000000000   -0.7071067812   -0.0000000000   -0.0000000000   -0.0000000000    0.0000000000   -0.0000000000   -0.0000000000 
   0.0000000000    0.0000000000   -0.7448617113   -0.0128799625   -0.0000000000   -0.0000000000   -0.3392641737    0.3277306657    0.0000000000   -0.0000000000   -0.3277306657   -0.3392641737 
   0.4717070795    0.0000000000    0.0000000000    0.0000000000    0.0000000000   -0.4717070795   -0.0000000000   -0.0000000000    0.5267755036   -0.5267755036    0.0000000000    0.0000000000 
   0.4698394881    0.0000000000    0.2565627586    0.2716633552   -0.2565627586   -0.2716633552   -0.4470953805    0.1444121372   -0.1606432417    0.3373709777    0.1606432417   -0.3373709777 
   0.0000000000    0.0000000000   -0.4945443151   -0.0736608472   -0.4945443151   -0.0736608472   -0.0000000000   -0.0000000000    0.4998987791    0.0100603499    0.4998987791    0.0100603499 
  -0.5578058236    0.0000000000    0.2505711476    0.1778775747   -0.2505711476   -0.1778775747   -0.0651394669   -0.5539893381    0.2059217490    0.2280845564   -0.2059217490   -0.2280845564 
  -0.5443599474   -0.0000000000    0.2073680882    0.2425584462   -0.2073680882   -0.2425584462   -0.0412593823    0.5427940822   -0.2261434012   -0.2251561368    0.2261434012    0.2251561368 
   0.4144584011    0.0000000000    0.3187524041    0.2500180429   -0.3187524041   -0.2500180429    0.3649773660   -0.1963855609    0.1622297415   -0.3712056409   -0.1622297415    0.3712056409 
   0.0000000000    0.0000000000   -0.2045441295    0.4562474099   -0.2045441295    0.4562474099   -0.0000000000   -0.0000000000   -0.1447559456    0.4785872086   -0.1447559456    0.4785872086 
   0.4999999215    0.0000000000    0.0000000000   -0.0000002123   -0.5000000785    0.0000000000    0.0000000000    0.5000000794    0.0000002117   -0.0000000000   -0.0000000000   -0.4999999206 
  -0.2330670652    0.0000000000   -0.0000000000   -0.6255874393   -0.2330667263    0.0000000000    0.0000000000    0.2330667262    0.6255874394   -0.0000000000    0.0000000000    0.2330670650 
  -0.4552386129    0.0000000000    0.0000000000    0.2924305212   -0.4552386139    0.0000000000   -0.0000000000   -0.4552386130    0.2924305210   -0.0000000000   -0.0000000000   -0.4552386140 
   0.4423571206    0.0000000000   -0.0000000000   -0.3296063648    0.4423571206   -0.0000000000   -0.0000000000   -0.4423571206    0.3296063649   -0.0000000000   -0.0000000000   -0.4423571205 
   0.2067796044   -0.0000000000    0.0000000000    0.6438046213    0.2067796044   -0.0000000000    0.0000000000    0.2067796045    0.6438046212   -0.0000000000    0.0000000000    0.2067796045 
  -0.5000000000    0.0000000000   -0.0000000000   -0.0000000000    0.5000000000   -0.0000000000    0.0000000000    0.5000000000    0.0000000000   -0.0000000000   -0.0000000000   -0.5000000000 
