306 Out of 384 Normal Mode Frequencies in 1/ps for a 4x4x4 Si Lattice.
  105.387947  105.387947   84.217887   73.960878   29.550818   29.550818
  103.061818  102.057549   87.155186   67.483191   43.222146   35.673941
   98.236321   98.236321   81.670646   81.670646   41.791168   41.791168
  103.061818  102.057549   87.155186   67.483191   43.222146   35.673941
  103.061818  102.057549   87.155186   67.483191   43.222146   35.673941
  105.387947  104.139026   92.160078   58.330084   42.449015   29.550818
  103.061818  102.057549   87.155186   67.483191   43.222146   35.673941
  100.557123  100.557123   76.128864   76.128864   46.471841   46.471841
   98.236321   98.236321   81.670646   81.670646   41.791168   41.791168
  103.061818  102.057549   87.155186   67.483191   43.222146   35.673941
  105.387947  105.387947   84.217887   73.960878   29.550818   29.550818
  103.061818  102.057549   87.155186   67.483191   43.222146   35.673941
  103.061818  102.057549   87.155186   67.483191   43.222146   35.673941
  100.557123  100.557123   76.128864   76.128864   46.471841   46.471841
  103.061818  102.057549   87.155186   67.483191   43.222146   35.673941
  105.387947  104.139026   92.160078   58.330084   42.449015   29.550818
  103.061818  102.057549   87.155186   67.483191   43.222146   35.673941
  105.387947  104.139026   92.160078   58.330084   42.449015   29.550818
  103.061818  102.057549   87.155186   67.483191   43.222146   35.673941
  100.557123  100.557123   76.128864   76.128864   46.471841   46.471841
  105.387947  104.139026   92.160078   58.330084   42.449015   29.550818
  108.923919  108.923919  103.730238   42.460590   20.172927   20.172927
  106.007146  106.007146  104.486393   45.101220   27.246196   27.246196
  103.061818  102.057549   87.155186   67.483191   43.222146   35.673941
  103.061818  102.057549   87.155186   67.483191   43.222146   35.673941
  106.007146  106.007146  104.486393   45.101220   27.246196   27.246196
  108.923919  108.923919  103.730238   42.460590   20.172927   20.172927
  105.387947  104.139026   92.160078   58.330084   42.449015   29.550818
  100.557123  100.557123   76.128864   76.128864   46.471841   46.471841
  103.061818  102.057549   87.155186   67.483191   43.222146   35.673941
  105.387947  104.139026   92.160078   58.330084   42.449015   29.550818
  103.061818  102.057549   87.155186   67.483191   43.222146   35.673941
   98.236321   98.236321   81.670646   81.670646   41.791168   41.791168
  103.061818  102.057549   87.155186   67.483191   43.222146   35.673941
  105.387947  105.387947   84.217887   73.960878   29.550818   29.550818
  103.061818  102.057549   87.155186   67.483191   43.222146   35.673941
  103.061818  102.057549   87.155186   67.483191   43.222146   35.673941
  106.007146  106.007146  104.486393   45.101220   27.246196   27.246196
  108.923919  108.923919  103.730238   42.460590   20.172927   20.172927
  105.387947  104.139026   92.160078   58.330084   42.449015   29.550818
  105.387947  105.387947   84.217887   73.960878   29.550818   29.550818
  108.923919  108.923919  103.730238   42.460590   20.172927   20.172927
  112.084183  112.084183  112.084183    0.000000    0.000000    0.000000
  103.061818  102.057549   87.155186   67.483191   43.222146   35.673941
  103.061818  102.057549   87.155186   67.483191   43.222146   35.673941
  100.557123  100.557123   76.128864   76.128864   46.471841   46.471841
  103.061818  102.057549   87.155186   67.483191   43.222146   35.673941
  105.387947  104.139026   92.160078   58.330084   42.449015   29.550818
  100.557123  100.557123   76.128864   76.128864   46.471841   46.471841
  103.061818  102.057549   87.155186   67.483191   43.222146   35.673941
  105.387947  104.139026   92.160078   58.330084   42.449015   29.550818
