306 Out of 384 Velocities in m/s for a 4x4x4 Si Lattice.
      0.0000      0.0574      0.0574      0.2220      0.1646      0.1646     -3.3253     -3.3253     -3.3253      4.3816      4.3816      4.3816     -2.2816     -1.7112     -2.2816      0.0000     -0.5704     -0.0000
    313.2651  -1218.9298    313.0684    431.6636  -1061.2335    431.7530  -1971.7348  -3368.7540  -1972.0871   1609.0100   3359.5084   1609.5843    259.8923   4150.3155    259.2882   -681.0739   1926.5418   -680.5616
     -0.6363     -1.0124      0.6363     -0.6363     -1.0124      0.6363      1.2520  -5219.7529     -1.2520      1.2520   5221.0166     -1.2520     -0.9510      1.6088      0.9510     -0.9510      1.6088      0.9510
   -312.8717   1218.4247   -313.0684   -431.8424   1060.5034   -431.7530   1972.4394   3368.4298   1972.0871  -1610.1586  -3358.0013  -1609.5843   -258.6840  -4148.1913   -259.2882    680.0493  -1924.9500    680.5616
  -1218.9298    313.0684    313.2651  -1061.2335    431.7530    431.6636  -3368.7540  -1972.0871  -1971.7348   3359.5084   1609.5843   1609.0100   4150.3155    259.2882    259.8923   1926.5418   -680.5616   -681.0739
   -937.5818   -937.8927      0.0000   -671.8750   -672.0419      0.0000  -3034.0171  -3034.1776     -0.0000   3385.9619   3386.0660     -0.0000   3273.1761   3272.5395      0.0000   2004.7195   2005.7616     -0.0000
    313.2651  -1218.6772    312.8717    431.6636  -1060.8685    431.8424  -1971.7348  -3368.5919  -1972.4394   1609.0100   3358.7549   1610.1586    259.8923   4149.2534    258.6840   -681.0739   1925.7459   -680.0493
    -11.4298     -0.0000      0.0000     10.1530     -0.0000      0.0000  -2491.2618      0.0000      0.0000   2491.6764      0.0000      0.0000  -2381.2954      0.0000      0.0000   2383.6836      0.0000      0.0000
     -1.0124      0.6363     -0.6363     -1.0124      0.6363     -0.6363  -5219.7529     -1.2520      1.2520   5221.0166     -1.2520      1.2520      1.6088      0.9510     -0.9510      1.6088      0.9510     -0.9510
  -1218.9298   -313.2651   -313.0684  -1061.2335   -431.6636   -431.7530  -3368.7540   1971.7348   1972.0871   3359.5084  -1609.0100  -1609.5843   4150.3155   -259.8923   -259.2882   1926.5418    681.0739    680.5616
      0.0000     -0.0574     -0.0574      0.2220     -0.1646     -0.1646     -3.3253      3.3253      3.3253      4.3816     -4.3816     -4.3816     -2.2816      1.7112      2.2816     -0.0000      0.5704      0.0000
   1218.4247    312.8717    313.0684   1060.5034    431.8424    431.7530   3368.4298  -1972.4394  -1972.0871  -3358.0013   1610.1586   1609.5843  -4148.1913    258.6840    259.2882  -1924.9500   -680.0493   -680.5616
   1218.4247   -313.0684   -312.8717   1060.5034   -431.7530   -431.8424   3368.4298   1972.0871   1972.4394  -3358.0013  -1609.5843  -1610.1586  -4148.1913   -259.2882   -258.6840  -1924.9500    680.5616    680.0493
    -11.4298      0.0000      0.0000     10.1530      0.0000      0.0000  -2491.2618      0.0000      0.0000   2491.6764      0.0000      0.0000  -2381.2954      0.0000      0.0000   2383.6836     -0.0000      0.0000
   -312.8717   1218.6772   -313.2651   -431.8424   1060.8685   -431.6636   1972.4394   3368.5919   1971.7348  -1610.1586  -3358.7549  -1609.0100   -258.6840  -4149.2534   -259.8923    680.0493  -1925.7459    681.0739
    938.2036    937.8927     -0.0000    672.2088    672.0419      0.0000   3034.3381   3034.1776     -0.0000  -3386.1702  -3386.0660      0.0000  -3271.9029  -3272.5395      0.0000  -2006.8038  -2005.7616     -0.0000
    313.0684    313.2651  -1218.9298    431.7530    431.6636  -1061.2335  -1972.0871  -1971.7348  -3368.7540   1609.5843   1609.0100   3359.5084    259.2882    259.8923   4150.3155   -680.5616   -681.0739   1926.5418
      0.0000   -937.5818   -937.8927      0.0000   -671.8750   -672.0419      0.0000  -3034.0171  -3034.1776      0.0000   3385.9619   3386.0660     -0.0000   3273.1761   3272.5395      0.0000   2004.7195   2005.7616
   -313.0684  -1218.9298   -313.2651   -431.7530  -1061.2335   -431.6636   1972.0871  -3368.7540   1971.7348  -1609.5843   3359.5084  -1609.0100   -259.2882   4150.3155   -259.8923    680.5616   1926.5418    681.0739
     -0.0000    -11.4298      0.0000     -0.0000     10.1530      0.0000      0.0000  -2491.2618      0.0000      0.0000   2491.6764      0.0000     -0.0000  -2381.2954      0.0000     -0.0000   2383.6836     -0.0000
   -937.8927     -0.0000   -937.5818   -672.0419     -0.0000   -671.8750  -3034.1776     -0.0000  -3034.0171   3386.0660     -0.0000   3385.9619   3272.5395     -0.0000   3273.1761   2005.7616     -0.0000   2004.7195
   -602.4920   -602.4920   -602.4920   -602.4228   -602.4228   -602.4228  -1889.5591  -1889.5591  -1889.5591   4616.1487   4616.1487   4616.1487   1944.2813   1944.2813   1944.2813   1946.2351   1946.2351   1946.2351
      0.0000  -1827.6238      2.0440      0.0000  -1827.6238     -0.1509      0.0000  -2632.8410     -3.3256      0.0000   7269.3597      1.7564     -0.0000   4206.0841      2.1455      0.0000   4206.0841     -0.4536
   -313.0684  -1218.6772   -313.0684   -431.7530  -1060.8685   -431.7530   1972.0871  -3368.5919   1972.0871  -1609.5843   3358.7549  -1609.5843   -259.2882   4149.2534   -259.2882    680.5616   1925.7459    680.5616
  -1218.6772    312.8717    313.2651  -1060.8685    431.8424    431.6636  -3368.5919  -1972.4394  -1971.7348   3358.7549   1610.1586   1609.0100   4149.2534    258.6840    259.8923   1925.7459   -680.0493   -681.0739
  -1827.6238      2.0327     -0.0000  -1827.6238     -0.1396     -0.0000  -2632.8410     -3.3256      0.0000   7269.3597      1.7564      0.0000   4206.0841      2.0574     -0.0000   4206.0841     -0.3656      0.0000
   -602.4920    829.5309   -375.4532   -602.4228    374.5720   -830.2735  -1889.5591   1888.8939  -1890.2243   4616.1487  -4615.7228   4616.5746   1944.2813  -1368.3888   2520.1738   1946.2351  -2518.8073   1373.6630
      0.0000    937.5818    937.8927      0.0000    671.8750    672.0419     -0.0000   3034.0171   3034.1776      0.0000  -3385.9619  -3386.0660      0.0000  -3273.1761  -3272.5395     -0.0000  -2004.7195  -2005.7616
     -0.0000     -0.0000    -11.4298     -0.0000     -0.0000     10.1530      0.0000     -0.0000  -2491.2618      0.0000      0.0000   2491.6764      0.0000     -0.0000  -2381.2954      0.0000      0.0000   2383.6836
  -1218.6772   -313.0684   -313.0684  -1060.8685   -431.7530   -431.7530  -3368.5919   1972.0871   1972.0871   3358.7549  -1609.5843  -1609.5843   4149.2534   -259.2882   -259.2882   1925.7459    680.5616    680.5616
   -937.8927     -0.0000   -938.2036   -672.0419     -0.0000   -672.2088  -3034.1776     -0.0000  -3034.3381   3386.0660      0.0000   3386.1702   3272.5395     -0.0000   3271.9029   2005.7616      0.0000   2006.8038
    313.0684    313.0684   1218.6772    431.7530    431.7530   1060.8685  -1972.0871  -1972.0871   3368.5919   1609.5843   1609.5843  -3358.7549    259.2882    259.2882  -4149.2534   -680.5616   -680.5616  -1925.7459
      0.6363     -0.6363     -1.0124      0.6363     -0.6363     -1.0124     -1.2520      1.2520  -5219.7529     -1.2520      1.2520   5221.0166      0.9510     -0.9510      1.6088      0.9510     -0.9510      1.6088
    312.8717    313.2651  -1218.6772    431.8424    431.6636  -1060.8685  -1972.4394  -1971.7348  -3368.5919   1610.1586   1609.0100   3358.7549    258.6840    259.8923   4149.2534   -680.0493   -681.0739   1925.7459
     -0.0000      0.0574     -0.0574     -0.2220      0.1646     -0.1646      3.3253     -3.3253      3.3253     -4.3816      4.3816     -4.3816      2.2816     -1.7112      2.2816     -0.0000     -0.5704      0.0000
   -313.2651   -312.8717   1218.6772   -431.6636   -431.8424   1060.8685   1971.7348   1972.4394   3368.5919  -1609.0100  -1610.1586  -3358.7549   -259.8923   -258.6840  -4149.2534    681.0739    680.0493  -1925.7459
   -313.2651   -313.0684  -1218.9298   -431.6636   -431.7530  -1061.2335   1971.7348   1972.0871  -3368.7540  -1609.0100  -1609.5843   3359.5084   -259.8923   -259.2882   4150.3155    681.0739    680.5616   1926.5418
      2.0227      0.0000  -1827.6238     -0.1296      0.0000  -1827.6238     -3.3256      0.0000  -2632.8410      1.7564      0.0000   7269.3597      2.1517      0.0000   4206.0841     -0.4598     -0.0000   4206.0841
   -375.4532   -602.4920    829.5309   -830.2735   -602.4228    374.5720  -1890.2243  -1889.5591   1888.8939   4616.5746   4616.1487  -4615.7228   2520.1738   1944.2813  -1368.3888   1373.6630   1946.2351  -2518.8073
   -938.2036   -937.8927      0.0000   -672.2088   -672.0419      0.0000  -3034.3381  -3034.1776      0.0000   3386.1702   3386.0660      0.0000   3271.9029   3272.5395      0.0000   2006.8038   2005.7616     -0.0000
     -0.0000     -0.0574      0.0574     -0.2220     -0.1646      0.1646      3.3253      3.3253     -3.3253     -4.3816     -4.3816      4.3816      2.2816      1.7112     -2.2816     -0.0000      0.5704     -0.0000
    829.5309   -375.4532   -602.4920    374.5720   -830.2735   -602.4228   1888.8939  -1890.2243  -1889.5591  -4615.7228   4616.5746   4616.1487  -1368.3888   2520.1738   1944.2813  -2518.8073   1373.6630   1946.2351
     -0.6115     -0.6115     -0.6115     -0.6115     -0.6170     -0.6115     -0.6785     -0.6730     -0.6785   8064.7137   8042.0387   8064.7136   4921.8504   4958.8135   4921.8505   4921.8504   4921.8504   4921.8504
    312.8717    313.0684   1218.4247    431.8424    431.7530   1060.5034  -1972.4394  -1972.0871   3368.4298   1610.1586   1609.5843  -3358.0013    258.6840    259.2882  -4148.1913   -680.0493   -680.5616  -1924.9500
   -313.0684   -312.8717   1218.4247   -431.7530   -431.8424   1060.5034   1972.0871   1972.4394   3368.4298  -1609.5843  -1610.1586  -3358.0013   -259.2882   -258.6840  -4148.1913    680.5616    680.0493  -1924.9500
     -0.0000    -11.4298      0.0000     -0.0000     10.1530      0.0000     -0.0000  -2491.2618      0.0000      0.0000   2491.6764      0.0000      0.0000  -2381.2954     -0.0000     -0.0000   2383.6836     -0.0000
    313.0684   1218.4247    312.8717    431.7530   1060.5034    431.8424  -1972.0871   3368.4298  -1972.4394   1609.5843  -3358.0013   1610.1586    259.2882  -4148.1913    258.6840   -680.5616  -1924.9500   -680.0493
     -0.0000    938.2036    937.8927     -0.0000    672.2088    672.0419     -0.0000   3034.3381   3034.1776     -0.0000  -3386.1702  -3386.0660     -0.0000  -3271.9029  -3272.5395     -0.0000  -2006.8038  -2005.7616
      0.0000      0.0000    -11.4298      0.0000     -0.0000     10.1530     -0.0000      0.0000  -2491.2618     -0.0000      0.0000   2491.6764     -0.0000      0.0000  -2381.2954      0.0000      0.0000   2383.6836
   1218.6772   -313.2651   -312.8717   1060.8685   -431.6636   -431.8424   3368.5919   1971.7348   1972.4394  -3358.7549  -1609.0100  -1610.1586  -4149.2534   -259.8923   -258.6840  -1925.7459    681.0739    680.0493
    937.8927      0.0000    938.2036    672.0419      0.0000    672.2088   3034.1776      0.0000   3034.3381  -3386.0660      0.0000  -3386.1702  -3272.5395      0.0000  -3271.9029  -2005.7616      0.0000  -2006.8038
