720 Out of 20250 QH, Third, Fourth Freq in rad/ps and Lifetimes in ps for a 15x15x15 Si Lattice at 5K. (atoms/UC=2)
105.47	-0.00531696	-0.00902628	5604.97
105.47	-0.00531696	-0.00902628	5604.97
85.5665	-0.00243063	-0.0019819	9116.43
72.3964	-0.00216595	-0.00891004	2880.77
29.3646	-0.0010593	-0.00770026	25341.9
29.3646	-0.0010593	-0.00770026	25341.9
105.517	-0.00269027	-0.00900753	51127.8
105.224	-0.00259911	-0.00889068	9161.53
87.1767	-0.00197778	-0.00337774	7792.82
70.0013	-0.00168319	-0.00751919	98.4842
30.6557	-0.00106954	-0.0076413	92877.7
29.8138	-0.00113458	-0.00765818	29786.6
105.187	-0.00264104	-0.00873342	28350.9
104.463	-0.00274167	-0.00845483	13235.6
88.5801	-0.000981517	-0.00449722	12579.6
67.1552	-0.00178577	-0.00633581	741.634
34.4873	-0.00116494	-0.00780099	100602
31.2602	-0.00129364	-0.00775967	22330
104.341	-0.00279656	-0.00819189	372.961
103.283	-0.00319869	-0.0077596	5238.6
89.589	-0.00179523	-0.00538437	3843.95
64.9949	-0.00130506	-0.00530419	158.823
38.9123	-0.00171281	-0.00842588	2736.54
33.4285	-0.00157834	-0.00805003	26139.1
102.923	-0.00313025	-0.00735108	39798.6
101.846	-0.00235069	-0.00688168	12052.7
90.0962	0.000291967	-0.00615324	358.304
65.1165	-0.00188035	-0.00467806	270.852
41.7286	-0.00115312	-0.00922274	3511
35.9395	-0.0018432	-0.00853523	2686.91
101.091	-0.00458696	-0.00618853	437.626
100.38	-0.00434336	-0.00594422	220.073
89.8934	-0.00441568	-0.00689576	604.101
68.2106	-0.000352825	-0.00492763	101.128
42.0785	-0.0018721	-0.00959397	1765.41
38.3789	-0.00241691	-0.00915288	4140.87
99.3636	-0.00119394	-0.00492356	606.382
99.1544	-0.00231079	-0.00512159	7376.92
88.5368	0.0011058	-0.00747298	5290.04
72.8752	0.000973586	-0.00564168	205.466
41.452	-0.00180652	-0.00976575	4631.24
40.34	-0.0016594	-0.0097665	857.976
98.4356	-0.00228397	-0.0044027	1532.01
98.4356	-0.00228397	-0.0044027	1532.01
85.5712	-0.00286905	-0.00739612	8250.1
77.5194	-0.000198875	-0.0062992	1004.79
41.4735	-0.00218822	-0.0100973	796.994
41.4735	-0.00218822	-0.0100973	796.995
105.753	-0.00184926	-0.0091802	919.052
105.429	-0.00297085	-0.00896704	13380.6
89.1634	-0.00371534	-0.00447182	3818.87
67.4202	-0.00395366	-0.00647097	215.779
30.761	-0.00144944	-0.00743178	1987.84
28.7496	-0.00100467	-0.00756221	65383
105.721	-0.00292686	-0.00911305	35274.1
105.022	-0.00322977	-0.00871521	239.078
90.7434	-0.00108619	-0.00535497	376.215
64.4667	-0.00328179	-0.00557181	167.862
33.1728	-0.00144948	-0.00743086	8018.7
29.4269	-0.00123631	-0.0075325	67432.2
105.193	-0.00308936	-0.00877542	4330.04
104.122	-0.00122996	-0.00817504	408.636
91.8337	-0.00142423	-0.00605777	418.983
62.0431	-0.00221677	-0.00478085	1244.57
36.6557	-0.00145013	-0.00781741	10314.2
31.4503	-0.00135833	-0.00765653	17477.4
104.046	-0.00334351	-0.00814365	5701.69
102.881	-0.00230053	-0.00740153	2838.7
92.3883	-0.0020561	-0.00663705	56.576
61.5657	-0.00129534	-0.00426591	530.742
39.3952	-0.00159951	-0.00845918	10440.5
34.1264	-0.00187448	-0.00801766	3824.24
102.36	-0.00270862	-0.00719161	44026.7
101.49	-0.00372134	-0.00648043	2745
92.275	-0.00605032	-0.00716709	1722.59
63.982	-0.00200337	-0.00443635	2705.3
40.1907	-0.00149845	-0.00888421	844.783
36.9333	-0.00180778	-0.00859649	1975.94
100.558	-0.00483186	-0.00606864	5052.01
100.174	-0.00191521	-0.00549926	8094.96
91.1499	-0.00715677	-0.00761764	450.086
68.2744	-0.00165507	-0.00504445	1328.64
40.2048	-0.00229816	-0.00926171	2443.05
39.2825	-0.00223837	-0.00921744	4237.05
99.3636	-0.0022789	-0.00524089	1690.92
99.1544	-0.00272633	-0.00468456	2156.54
88.5368	0.00229508	-0.00759873	2371.56
72.8752	-0.00250199	-0.00563173	243.179
41.452	-0.00239665	-0.00995374	6262.6
40.34	-0.00235145	-0.00957758	1366.01
105.973	-0.00301352	-0.00928599	113997
105.1	-0.00317521	-0.0086418	36522
92.3595	-0.00211433	-0.00608197	5879.4
61.4536	-0.00146932	-0.00482353	3226.71
34.7933	-0.00122243	-0.00732664	2131.46
28.2651	-0.00120157	-0.00745636	360924
105.821	-0.00259617	-0.00918443	11837.1
104.65	-0.00225309	-0.00829713	585.626
93.3843	-0.00342033	-0.0066498	2174.88
58.9241	-0.00375864	-0.00412469	1311.69
37.3526	-0.0009234	-0.00761362	7564.32
29.068	-0.000974772	-0.0074629	5416.12
105.102	-0.00484416	-0.00881171	2998.3
103.803	-0.0043318	-0.00771555	348.059
93.7893	-0.00321365	-0.00704651	3271.62
58.2084	-0.00147535	-0.0037017	1257.29
39.2493	-0.00145465	-0.00811298	2593.61
31.4402	-0.00157859	-0.00764241	23957.6
103.849	-0.00305088	-0.00816843	196.287
102.701	-0.00309945	-0.00696796	2277.3
93.4858	-0.00403136	-0.00727997	344.882
60.1981	-0.00184582	-0.00392426	229.571
39.6762	-0.00168018	-0.00844239	3855.2
34.4775	-0.00171624	-0.00805016	7826.18
102.36	-0.00309627	-0.00728177	1614.61
101.49	-0.00380536	-0.00617624	1426.52
92.275	-0.00590846	-0.00735361	866.92
63.982	-0.00222359	-0.00447168	1191.45
40.1907	-0.00167025	-0.00895046	996.554
36.9333	-0.00164969	-0.00851052	3438.46
101.091	-0.00464323	-0.0063306	381.405
100.38	-0.00478653	-0.00548843	1257.36
89.8934	0.00218824	-0.00718405	1091.16
68.2106	-0.00146949	-0.00494735	272.924
42.0785	-0.00244085	-0.00975915	6257.75
38.3789	-0.00168054	-0.00897607	6646.88
106.092	-0.00338558	-0.00932693	70387.8
104.743	-0.0032832	-0.0081983	4464.63
94.2335	-0.00176462	-0.00707711	30319.6
56.4915	-0.00214751	-0.00348106	1738.19
39.0439	-0.00134531	-0.00782153	19120.6
27.9983	-0.00117632	-0.00739857	152821
105.85	-0.00274915	-0.0091965	18577
104.442	-0.00336675	-0.00791927	2289.09
94.3799	-0.00130742	-0.00727532	21779.1
56.1115	-0.00226751	-0.0033041	3217.06
39.7907	-0.00133922	-0.00803485	10809.3
28.9438	-0.00138232	-0.00743904	54482.2
105.102	-0.0041899	-0.00880426	4144.7
103.803	-0.00355622	-0.00749734	9635.47
93.7893	-0.00320387	-0.00722634	589.18
58.2084	-0.00307568	-0.00379792	1172.12
39.2493	-0.00144402	-0.00804894	13696.7
31.4402	-0.0019103	-0.00763628	2393.4
104.046	-0.00252691	-0.008155	1040.59
102.881	-0.00266336	-0.00698492	4190.19
92.3883	0.000862029	-0.00696778	188.402
61.5657	-0.003011	-0.00438811	302.916
39.3952	-0.00111704	-0.00844591	4072.06
34.1264	-0.00192278	-0.00795201	2016.26
102.923	-0.00339007	-0.00734737	13422.1
101.846	-0.0024962	-0.00640365	8286.11
90.0962	-0.00163237	-0.00655945	13577.7
65.1165	-0.00405165	-0.00477446	1164.57
41.7286	-0.00180028	-0.00933029	17200.2
35.9395	-0.00196433	-0.00837216	5361.13
106.092	-0.00196061	-0.00929694	143.223
104.743	-0.00365725	-0.00800424	22700.2
94.2335	-0.00171883	-0.00724964	4633.41
56.4915	-0.00241017	-0.003606	18523.6
39.0439	-0.00133779	-0.00772431	24841.2
27.9983	-0.00134502	-0.00739764	121170
105.821	-0.0031443	-0.00913311	10654.4
104.65	-0.00437222	-0.00793202	242.535
93.3843	-0.00230095	-0.00696878	1858.73
58.9241	-0.00340143	-0.00432009	1079.86
37.3526	-0.00132828	-0.00747309	4190.58
29.068	-0.000986036	-0.00746001	18823.1
105.193	-0.00405438	-0.00870499	2440.38
104.122	-0.00152416	-0.00769229	101.144
91.8337	-0.00214284	-0.00648397	161.005
62.0431	-0.00217871	-0.00499312	433.521
36.6557	-0.00143306	-0.00771486	1974.38
31.4503	-0.00154978	-0.00761744	9071.84
104.341	-0.00414489	-0.00808122	330.813
103.283	-0.00387126	-0.00726009	19209.7
89.589	-0.00219643	-0.00586415	369.666
64.9949	-0.00348615	-0.00549341	105.983
38.9123	-0.00154098	-0.00845988	6783.32
33.4285	-0.00170173	-0.00789881	8961.41
105.973	-0.00271329	-0.00920096	32863.5
105.1	-0.00316751	-0.00816151	18012.8
92.3595	-0.00125447	-0.00650344	601.935
61.4536	-0.00252779	-0.00507188	7274.38
34.7933	-0.000805256	-0.00715422	2328.56
28.2651	-0.00117937	-0.00745424	334681
105.721	-0.00307203	-0.00898968	5156.48
105.022	-0.00355735	-0.00817233	254.281
90.7434	-0.000458777	-0.00584798	109.417
64.4667	-0.00380197	-0.00583531	230.479
33.1728	-0.00120485	-0.00727178	25323.2
29.4269	-0.00121202	-0.00751769	64591.6
105.187	-0.00289104	-0.00854181	4236.72
104.463	-0.00430772	-0.00793782	1004.45
88.5801	-0.00155707	-0.00502999	547.345
67.1552	-0.0014596	-0.00658332	568.254
34.4873	-0.0012609	-0.00778761	131342
31.2602	-0.00147925	-0.00761703	11960.5
105.753	-0.00302337	-0.00905433	1681.88
105.429	-0.00349665	-0.00834944	20813.9
89.1634	-0.00127853	-0.00501467	3660.65
67.4202	-0.00524659	-0.00675158	551.565
30.761	-0.00130624	-0.00725041	2617.25
28.7496	-0.00111109	-0.00756082	38201
105.517	-0.0056736	-0.00875936	833.532
105.224	-0.00264323	-0.00836222	6142.22
87.1767	-0.000606688	-0.00395598	81.3222
70.0013	-0.00597507	-0.00778651	104.797
30.6557	-0.00108814	-0.00760381	51735.3
29.8138	-0.00120024	-0.00752031	18726.5
105.47	-0.00508598	-0.00875168	3776.6
105.47	-0.00606644	-0.008494	2045.86
85.5665	-0.00179924	-0.00260149	30734.6
72.3964	-0.00238417	-0.00916145	4829.72
29.3646	-0.00128861	-0.00765535	6723.33
29.3646	-0.00123155	-0.00756376	5670.07
106.098	-0.00160925	-0.00939062	440.95
106.098	-0.00160925	-0.00939062	440.95
91.4888	-0.00235779	-0.00537436	9376.6
64.7507	-0.00473866	-0.00566506	237.826
27.9046	-0.000911973	-0.00722611	82028.7
27.9046	-0.000911973	-0.00722611	82028.7
106.417	-0.00337672	-0.00953379	5358.33
105.901	-0.00512596	-0.00929311	1177.2
93.3052	-0.00314182	-0.00612809	601.373
61.7077	-0.00226241	-0.00496475	215.362
28.4916	-0.00118183	-0.00707268	242810
28.2014	-0.0011006	-0.00701061	53351.8
106.179	-0.00489876	-0.00936872	1367.16
105.186	-0.00288728	-0.00889706	199.589
94.5915	-0.00258796	-0.00673799	12058.6
59.0087	-0.00199434	-0.00437453	1830.21
31.6177	-0.00117902	-0.00712926	20436
29.5807	-0.00138175	-0.00699058	44079.3
105.226	-0.0016592	-0.00886346	854.441
104.044	-0.00272417	-0.00824104	17220.6
95.3584	3.70709e-05	-0.00723486	1496.66
57.8888	-0.00204089	-0.00397623	183.982
35.0958	-0.00171569	-0.00753116	12337.9
31.7656	-0.00155037	-0.00723114	112283
103.551	-0.00595781	-0.00793756	653.939
102.631	-0.00244985	-0.00739646	10425.3
95.5495	-0.0038564	-0.0077185	2977.1
59.5991	-0.00251314	-0.00407649	1368.61
37.064	-0.00177378	-0.00798393	2200.47
34.3575	-0.0019022	-0.00773731	90845.4
101.489	-0.00323343	-0.00651216	3774.46
101.168	-0.00193117	-0.00647788	22891.3
94.8677	-0.00341572	-0.00831292	6971.7
63.6788	-0.00106951	-0.00462869	515.875
37.8474	-0.00216521	-0.00840725	2309.3
36.9222	-0.00255563	-0.00843554	1813.64
99.9213	-0.0017989	-0.00543282	886.904
99.9213	-0.0017989	-0.00543282	886.904
92.5962	0.00352901	-0.00848248	142.573
68.4975	-0.00389236	-0.0052281	139.328
39.0379	-0.00216551	-0.00908541	19672.1
39.0379	-0.00216551	-0.00908541	19672.3
106.838	-0.00222386	-0.00979396	5571.8
106.262	-0.00305455	-0.00946094	54990.5
95.2582	2.24838e-05	-0.00680194	1540.87
58.5808	-0.0024838	-0.0043727	3529.02
28.679	-0.000940634	-0.00666291	189625
26.1919	-0.00106897	-0.00687538	208328
106.914	-0.00314312	-0.00981768	7033.89
105.927	-0.00362269	-0.00924936	5384.21
96.6084	0.000885501	-0.00735583	173.464
55.6945	-0.00328656	-0.0038573	2536.45
30.6066	-0.00110269	-0.00657856	64305
26.6446	-0.000904815	-0.00674847	853.129
106.325	-0.00334509	-0.00952461	4564
105.083	-0.0042152	-0.00874047	29714.6
97.384	-0.0042451	-0.00777902	232.917
54.1597	-0.00143419	-0.00351014	731.25
33.2263	-0.00114009	-0.00685374	4226.88
28.767	-0.00129207	-0.00678083	15234.3
104.989	-0.00399272	-0.00887228	4115.55
103.883	-0.00249849	-0.0079843	406.646
97.5526	-0.00410067	-0.00811214	221.987
55.2843	-0.000850812	-0.00359314	2961.26
35.0308	-0.000932871	-0.00724845	1929.84
31.6397	-0.00165031	-0.00710634	4373.12
103.139	-0.00342926	-0.00784286	6563.65
102.509	-0.0024105	-0.00702784	5202.06
96.8998	-0.00233962	-0.00844368	784.736
58.9539	-0.00284457	-0.00409432	498.469
36.0257	-0.00176843	-0.00772033	16003
34.6001	-0.00191449	-0.0076778	80424.7
101.489	-0.00341864	-0.00674072	3119.04
101.168	-0.0033046	-0.00602557	11364.8
94.8677	-0.00234818	-0.0085205	6126.35
63.6788	-0.0010246	-0.00464827	402.007
37.8474	-0.00180182	-0.00856712	977.986
36.9222	-0.00218748	-0.00826362	1529.94
107.33	-0.00264548	-0.010045	36430.5
106.088	-0.00418879	-0.00922873	541.177
97.9137	-0.00319734	-0.00787209	32834.3
52.6564	-0.00156468	-0.00334258	2837.42
31.9429	-0.00136234	-0.00639411	4499.36
24.9953	-0.000948822	-0.00664936	25396.9
107.177	-0.00473794	-0.00997332	3524.8
105.72	-0.00373403	-0.00892136	49001.6
98.5426	-0.0031336	-0.00822605	704.357
50.9996	-0.00199906	-0.00299505	1345.37
33.68	-0.00123272	-0.00657191	34418.2
25.7526	-0.00106045	-0.00660352	69026.1
106.343	-0.00333171	-0.00959287	4254.36
104.95	-0.00335345	-0.00838247	9043.88
98.4659	-0.00349975	-0.00838177	2416.99
51.9658	-0.0017393	-0.00314091	222.721
34.5381	-0.00127615	-0.00682354	1711.7
28.3319	-0.00164074	-0.00672166	2210.94
104.989	-0.00383007	-0.00890448	13526.2
103.883	-0.0024034	-0.00768169	484.555
97.5526	-0.00332031	-0.00834553	2940.45
55.2843	-0.00223451	-0.00365696	2070.19
35.0308	-0.00132356	-0.00724143	2443.04
31.6397	-0.00156929	-0.00707144	19833.8
103.551	-0.00437598	-0.00797335	2264.67
102.631	-0.00310011	-0.00692191	56169.4
95.5495	-0.00318242	-0.00810244	2252.1
59.5991	-0.00232505	-0.00415085	3470.83
37.064	-0.00168746	-0.00809903	2611.03
34.3575	-0.0018359	-0.00757936	3503.17
107.502	-0.00378213	-0.0101131	26234.8
105.926	-0.00412376	-0.00889499	7558.58
98.9196	-0.00110406	-0.00846493	1530.99
49.6497	-0.00233411	-0.002755	39284.6
34.1979	-0.00115908	-0.00654001	5775.02
24.5642	-0.00116068	-0.00656942	209085
107.177	-0.00362354	-0.00995047	10507.9
105.72	-0.00376324	-0.00869088	23919.8
98.5426	-0.00186636	-0.0084326	198.672
50.9996	-0.00111135	-0.00310235	289.351
33.68	-0.00120077	-0.00649167	58127.6
25.7526	-0.00116185	-0.00660022	83795.4
106.325	-0.0030817	-0.00949357	928.049
105.083	-0.00231279	-0.00830894	294.592
97.384	-0.00853005	-0.00815742	55.8825
54.1597	-0.00144519	-0.00366681	6527.17
33.2263	-0.00142863	-0.00676542	6441.81
28.767	-0.00128837	-0.00675908	18671
105.226	-0.00130218	-0.00878224	964.117
104.044	-0.00356637	-0.00774513	3378.82
95.3584	-0.00467123	-0.00770875	388.834
57.8888	-0.00316079	-0.0041351	596.756
35.0958	-0.00161276	-0.00757815	18933.4
31.7656	-0.00153973	-0.00708517	25587
107.33	-0.00342327	-0.00999075	37548.7
106.088	-0.00204818	-0.00882893	1739.94
97.9137	0.00358717	-0.00823206	1004.61
52.6564	-0.00249003	-0.0035315	18629.6
31.9429	-0.00104487	-0.00625765	46329.9
24.9953	-0.00108668	-0.00664277	45465.8
106.914	-0.00388907	-0.00973474	1398.8
105.927	-0.00406567	-0.00873389	171.601
96.6084	-0.00277739	-0.00782278	2415.21
55.6945	-0.00266071	-0.00408258	445.325
30.6066	-0.00103487	-0.00643148	23739.2
26.6446	-0.000918559	-0.00673766	702.808
106.179	-0.00524899	-0.00920597	785.903
105.186	-0.00139384	-0.00838359	140.567
94.5915	-0.000686782	-0.0072615	7017.21
59.0087	-0.00264527	-0.00460401	8530.41
31.6177	-0.0012618	-0.00712089	12541.7
29.5807	-0.00131244	-0.00685301	5388.34
106.838	-0.00311845	-0.0096935	21874.8
106.262	-0.00377489	-0.00886623	2183.36
95.2582	0.00634939	-0.00732653	324.814
58.5808	-0.00201926	-0.00463256	478.017
28.679	-0.00127422	-0.00649587	3595.52
26.1919	-0.00104193	-0.0068669	324204
106.417	-0.0043103	-0.00930923	2908.29
105.901	-0.00577551	-0.00876864	802.147
93.3052	-0.000810513	-0.00668563	5601.76
61.7077	-0.00333388	-0.00523387	344.779
28.4916	-0.00111915	-0.00703465	46462.6
28.2014	-0.00124548	-0.00687754	8855.31
106.098	-0.00296437	-0.00912727	51899.8
106.098	-0.00298629	-0.00886257	34075.3
91.4888	-0.000727797	-0.00595452	35424.7
64.7507	-0.00565543	-0.00594822	1383.38
27.9046	-0.00106221	-0.00717912	59368.3
27.9046	-0.00102797	-0.0070939	72728.8
107.211	-0.00267882	-0.0100204	50934.8
107.211	-0.00267882	-0.0100204	50934.8
97.4667	-0.00302381	-0.00743139	35310.6
55.3453	0.000498182	-0.00387322	792.978
25.1291	-0.000913398	-0.00636713	106854
25.1291	-0.000913398	-0.00636713	106854
107.664	-0.00238516	-0.0102459	337.154
107.046	-0.00335278	-0.00994634	17945.7
99.0224	-0.00341759	-0.00795929	25596.6
52.2187	-0.0021941	-0.00343854	624.538
25.3309	-0.000994489	-0.0060121	18784.7
25.1632	-0.00119286	-0.00617248	7661.73
107.376	-0.00349755	-0.01011	35065.3
106.364	-0.00361558	-0.00958044	33477.9
99.9968	-0.00311011	-0.00836184	424.489
50.1367	-0.00100749	-0.00315843	356.892
27.7636	-0.000923653	-0.00614882	274701
26.7558	-0.00122663	-0.00592568	38346.2
106.219	-0.00343439	-0.00956002	55037.9
105.253	-0.00320785	-0.00895886	18297.9
100.42	-0.00428487	-0.00867214	9137.46
50.4633	-0.0014883	-0.00320919	9505.83
30.5837	-0.00121425	-0.00635844	50872.6
29.0861	-0.00150538	-0.00618255	327919
104.298	-0.00410915	-0.00840295	448.547
103.866	-0.00354494	-0.0081501	3179.89
100.177	-0.00762041	-0.00909871	667.213
53.7087	-0.0017335	-0.00365561	586.163
32.5247	-0.00176747	-0.00673627	109506
31.8677	-0.00175772	-0.00676602	95658.4
102.417	-0.00241886	-0.00703998	28979.1
102.417	-0.00241886	-0.00703998	28979.1
98.5578	-0.00799478	-0.0095179	785.372
58.5851	-0.00157294	-0.00420734	221.692
34.6271	-0.00208825	-0.0074925	24960.9
34.6271	-0.00208825	-0.0074925	24960.9
108.195	-0.00398792	-0.0105426	4242.62
107.478	-0.00354233	-0.0101532	10138.1
100.684	-0.00329144	-0.00847885	5033.47
48.8376	-0.00154759	-0.00302021	1810.99
25.3873	-0.00091896	-0.00558589	114420
22.573	-0.000738515	-0.00591223	6307.98
108.255	-0.00264001	-0.0105821	5044.27
107.175	-0.00329613	-0.00995423	9191.73
101.689	-0.00347812	-0.00887832	332.232
46.3842	-0.00180559	-0.00272666	868.224
26.9393	-0.000970212	-0.00545083	30173.6
22.947	-0.0010298	-0.00574427	36927.5
107.513	-0.00297667	-0.0102671	8393.8
106.369	-0.00393014	-0.00944863	8005.73
102.072	-0.0031328	-0.0091412	21272.2
46.1948	-0.0011416	-0.00274975	495.631
28.8978	-0.00112948	-0.00563574	36822
25.331	-0.00104808	-0.00573632	822.689
106.005	-0.00320671	-0.0095548	13658.2
105.215	-0.0027049	-0.00865853	663.232
101.725	-0.00172878	-0.00933879	3685.73
48.9966	-0.00150102	-0.00317109	1674.97
30.4332	-0.00138016	-0.00602636	37257.9
28.5982	-0.00132301	-0.00606605	4440.75
104.298	-0.00427652	-0.00853175	187.518
103.866	-0.00208747	-0.00768205	4035.15
100.177	-0.00145816	-0.00941149	74.1568
53.7087	-0.00133586	-0.00369607	3360.55
32.5247	-0.00177753	-0.00685955	96054.2
31.8677	-0.00196979	-0.0066172	2233.7
108.72	-0.00257138	-0.0108033	75088.4
107.363	-0.0038469	-0.00993357	65112.6
102.59	-0.00179523	-0.00927985	316.18
43.7413	-0.00103267	-0.00237324	25360.4
27.751	-0.000994615	-0.00522681	101038
21.0921	-0.000755992	-0.00568073	111795
108.47	-0.00304588	-0.0106981	23532.5
107.067	-0.0027342	-0.00963908	1319.01
102.738	-0.00104983	-0.00947448	245.546
43.5505	-0.00149992	-0.00239291	525.788
28.5149	-0.00117482	-0.0052893	58600
22.1175	-0.00103736	-0.00562531	90011.6
107.513	-0.00264492	-0.0102667	3304.6
106.369	-0.00360821	-0.00913148	61285.8
102.072	-0.00272655	-0.00942082	3510.97
46.1948	-0.00141778	-0.00283052	596.654
28.8978	-0.00115799	-0.00558522	73852.4
25.331	-0.0010791	-0.00572661	63243
106.219	-0.00176913	-0.00951689	3717.26
105.253	-0.00318598	-0.00846961	20627.4
100.42	-0.00212649	-0.0091399	1703.14
50.4633	-0.000947634	-0.00331933	1844.15
30.5837	-0.00141286	-0.006422	34698.5
29.0861	-0.00146649	-0.00604616	58572.9
108.72	-0.0041592	-0.010779	1297.21
107.363	-0.00183679	-0.00966614	1051.95
102.59	-0.00211394	-0.00953002	569.16
43.7413	-0.00139625	-0.00247501	494.081
27.751	-0.000951006	-0.00515029	92858.9
21.0921	-0.000487939	-0.00567436	20972.1
108.255	-0.00174281	-0.0105361	3175.22
107.175	-0.00377172	-0.00948948	6401.93
101.689	-0.00308202	-0.0093093	542.977
46.3842	-0.00157943	-0.00288978	3958.77
26.9393	-0.00101323	-0.00533641	49506
22.947	-0.000969836	-0.00573458	39909.5
107.376	-0.00319927	-0.00997829	17403.9
106.364	-0.00366602	-0.00907393	6840.58
99.9968	-0.00631511	-0.00889302	44.6855
50.1367	-0.00250038	-0.00334259	9386.43
27.7636	-0.000926579	-0.00615101	144383
26.7558	-0.00131798	-0.00579794	128146
108.195	-0.00228509	-0.0104724	50402.9
107.478	-0.00792068	-0.00958611	695.738
100.684	-0.00195621	-0.00899785	25182.6
48.8376	-0.00237272	-0.00323177	366.816
25.3873	-0.000884058	-0.00544392	398681
22.573	-0.00101467	-0.00589818	56956.3
107.664	-0.0012661	-0.0100492	318.567
107.046	-0.00408051	-0.0094289	1160.34
99.0224	-0.00434507	-0.00852695	2368.77
52.2187	-0.00142844	-0.0036711	1309.29
25.3309	-0.000993971	-0.00588865	26823
25.1632	-0.000918288	-0.006137	99792.5
107.211	-0.00249324	-0.00977629	16165.3
107.211	-0.00197483	-0.00949941	6173.66
97.4667	-0.00347022	-0.00802134	15901.9
55.3453	-0.00213921	-0.00413135	1577.48
25.1291	-0.000950463	-0.00631806	444477
25.1291	-0.000937962	-0.00624414	447081
108.574	-0.00455615	-0.0107675	2726
108.574	-0.00455615	-0.0107675	2726
102.604	-0.00464333	-0.00898535	1391.73
45.1145	-0.00210286	-0.00264639	1947.45
21.2743	-0.000796176	-0.00525197	869926
21.2743	-0.000796176	-0.00525197	869930
109.013	-0.00142883	-0.0109937	3749.41
108.42	-0.00482418	-0.0107006	2466.08
103.823	-0.00362916	-0.00938332	38706
42.1075	-0.00227908	-0.00237229	1320.72
21.4648	-0.000892993	-0.00480374	131935
20.9641	-0.000787105	-0.00505185	8465.73
108.555	-0.00317556	-0.0108124	39568
107.754	-0.00319109	-0.0103499	3375.18
104.447	-0.00357118	-0.00964308	2638.76
41.0296	-0.00150638	-0.00236619	765.807
23.3479	-0.000816066	-0.00495116	51194.9
23.0976	-0.00110288	-0.00473098	123764
107.137	-0.00369571	-0.0100959	15669.9
106.662	-0.00363755	-0.00975171	943.959
104.483	-0.00453888	-0.00988005	6550.41
43.1242	-0.00185019	-0.00273514	5778.77
26.0689	-0.00122848	-0.00510269	11567
25.7443	-0.00120986	-0.00509446	91520.2
105.295	-0.00321941	-0.00874313	44881.5
105.295	-0.00321941	-0.00874313	44881.5
103.437	-0.00360795	-0.0104524	15522
47.885	-0.00184888	-0.00325162	776.634
28.8439	-0.00125138	-0.00575477	27255.8
28.8439	-0.00125138	-0.00575477	27255.8
109.569	-0.00449215	-0.0112789	2102.62
108.839	-0.00306957	-0.010892	44183.9
105.129	-0.00600343	-0.00980336	4173.07
38.6043	-0.000495126	-0.00205254	1047.07
21.1484	-0.000867242	-0.00433346	47230
18.1889	-0.000892218	-0.00479173	26873.6
109.509	-0.002675	-0.0112739	5627.53
108.539	-0.00305106	-0.0106664	28091
105.742	-0.00403843	-0.0100935	13059.5
37.0031	-0.000427507	-0.0019707	1188.46
22.3925	-0.000787339	-0.00419351	28329.8
18.7757	-0.000875922	-0.00461599	8708.66
108.579	-0.00286254	-0.0108955	6287.03
107.776	-0.00328379	-0.0100975	829.825
105.639	-0.00366276	-0.0102612	14669.1
38.6238	-0.00263031	-0.00229484	1291.08
23.9909	-0.000979913	-0.00442268	191949
21.805	-0.000963902	-0.00462326	146510
107.137	-0.00209076	-0.0101275	4420.67
106.662	-0.00271762	-0.00927066	191.953
104.483	-0.00292964	-0.0103017	16061.2
43.1242	-0.00155902	-0.00279081	6790.51
26.0689	-0.0013388	-0.00518504	138358
25.7443	-0.00130844	-0.00497227	27302.9
109.914	-0.00357652	-0.0114394	65992.2
108.754	-0.00361037	-0.0105999	158667
106.158	-0.00448001	-0.0104035	416.275
35.3506	-0.00158211	-0.00179455	702.749
22.3602	-0.000497497	-0.00397336	814.637
16.998	-0.000689674	-0.00463988	432503
109.509	-0.00388659	-0.0112592	874.518
108.539	-0.00334437	-0.0103141	103056
105.742	-0.00390491	-0.0104272	12078.5
37.0031	-0.000938507	-0.00205692	3338.1
22.3925	-0.000601215	-0.00412949	9007.53
18.7757	-0.00076807	-0.00460974	30023.8
108.555	-0.00293329	-0.0107144	74466.4
107.754	-0.0027727	-0.00985168	33468.6
104.447	-0.00322256	-0.0101779	10729.6
41.0296	-0.00148341	-0.0024942	26145
23.3479	-0.000887594	-0.00496968	79119.8
23.0976	-0.00124147	-0.00461818	39315.6
109.569	-0.00230985	-0.0112384	2175.88
108.839	-0.00345211	-0.0103663	6345.21
105.129	-0.00380588	-0.0103021	329.723
38.6043	-0.00207532	-0.00220358	696.753
21.1484	-0.000808092	-0.00422752	142739
18.1889	-0.00079352	-0.00477646	21927.2
109.013	-0.00317554	-0.0108262	24904.4
108.42	-0.00254684	-0.0101913	1556.11
103.823	-0.00373856	-0.00996476	33460
42.1075	-0.00106912	-0.00255551	401.346
21.4648	-0.000877045	-0.00469544	776512
20.9641	-0.000697978	-0.00502402	210759
108.574	-0.00563459	-0.0105466	3733.78
108.574	-0.00594712	-0.0102552	3408.41
102.604	-0.00209299	-0.00959441	36746.7
45.1145	-0.00287716	-0.0028619	3373.14
21.2743	-0.000798341	-0.0052036	15858.7
21.2743	-0.000733768	-0.00514387	10183.7
109.935	-0.00239181	-0.0114891	1027.06
109.935	-0.00239181	-0.0114891	1027.06
106.703	-0.00393183	-0.0102067	141420
34.3122	-0.0008374	-0.00173539	10544.4
16.6033	-0.000780086	-0.0039963	63626.3
16.6033	-0.000780086	-0.0039963	63626.3
110.232	-0.0043425	-0.0116495	23096.3
109.773	-0.00388218	-0.0114156	35449.6
107.557	-0.00380555	-0.0104898	40444.5
31.6542	-0.000804535	-0.00160668	17328.3
16.9132	-0.000743695	-0.00351589	110425
16.2548	-0.000676552	-0.00379214	18864.3
109.517	-0.00284472	-0.0113441	5839.45
109.105	-0.00322031	-0.011067	94666.6
107.81	-0.00380477	-0.0106442	23520.2
32.1612	-0.000651109	-0.00187251	1597.76
19.0053	-0.00086421	-0.00357484	425984
18.9313	-0.000724896	-0.00365721	30498.9
108.016	-0.0032275	-0.0102436	81186.3
108.016	-0.0032275	-0.0102436	81186.3
107.226	-0.00873903	-0.0112407	59.9493
36.523	-0.0018231	-0.00236399	17679.5
22.1922	-0.0011646	-0.00410593	84314.6
22.1922	-0.0011646	-0.00410593	84314.5
110.735	-0.00280832	-0.0118877	23407.8
110.115	-0.00375141	-0.0115344	10789.1
108.469	-0.000833088	-0.0108298	1540.49
28.2192	-0.000857349	-0.00135578	57892.7
16.2397	-0.000567911	-0.00302806	69865.3
13.3805	-0.000527259	-0.00360148	8100.33
110.487	-0.00295049	-0.0118013	58932.2
109.832	-0.00278798	-0.011194	8209.37
108.614	-0.00233984	-0.0110773	745.224
28.189	-0.00076921	-0.00149402	2913.78
17.211	-0.000756395	-0.00300364	90842.8
14.7337	-0.000626784	-0.00343757	86066.2
109.517	-0.00312214	-0.0112987	2789.34
109.105	-0.00343113	-0.010577	5685.81
107.81	-0.00388214	-0.0111557	10424.2
32.1612	-0.00123683	-0.00193824	4204.99
19.0053	-0.000934921	-0.00348175	141949
18.9313	-0.000821413	-0.00369829	52519.4
110.735	-0.00211753	-0.0118718	7867.07
110.115	-0.00270091	-0.0111081	1522.26
108.469	-0.00201859	-0.0112458	9124.59
28.2192	-0.000883664	-0.00143689	6306.75
16.2397	-0.000434004	-0.00296904	30421
13.3805	-0.000591838	-0.003591	8968.29
110.232	-0.00309403	-0.0115105	89739.7
109.773	-0.00283524	-0.0109146	13573.5
107.557	-0.00352847	-0.0110794	14902.7
31.6542	-0.000939903	-0.0017347	10415.8
16.9132	-0.000826617	-0.00342829	104498
16.2548	-0.000694102	-0.00377756	28163.5
109.935	-0.00409778	-0.0112907	284.534
109.935	-0.00345415	-0.0109848	387.021
106.703	-0.00320022	-0.0108349	57987.7
34.3122	-0.00116312	-0.001901	199612
16.6033	-0.00066603	-0.00395332	105993
16.6033	-0.000632873	-0.00390888	130764
111.073	-0.00404366	-0.012076	31975.7
111.073	-0.00404366	-0.012076	31975.7
109.678	-0.00405478	-0.011106	262980
23.0994	-0.000632845	-0.00103884	941562
11.3624	-0.000485256	-0.00267865	19255.7
11.3624	-0.000485256	-0.00267865	19255.7
111.131	-0.00316969	-0.0121162	99580.9
110.887	-0.00331685	-0.0119864	6086.42
110.152	-0.00391632	-0.0112787	25339.7
21.2464	-0.000658319	-0.00108034	3368.31
12.0497	-0.000585102	-0.00226867	28603.5
11.5537	-0.00037221	-0.00244298	16046.1
110.201	-0.00348393	-0.0113878	9402.61
110.201	-0.00348393	-0.0113878	9402.61
109.928	0.00863261	-0.0118385	16.669
24.6446	-0.000700346	-0.00153736	105638
15.0245	-0.000776278	-0.00261641	104419
15.0245	-0.000776278	-0.00261641	104419
111.521	-0.00297158	-0.0122925	138007
111.149	-0.0022891	-0.0118731	2403.3
110.604	-0.00483081	-0.0116573	9415.91
18.4103	-0.000487181	-0.000869572	63385.5
10.8757	-0.000474862	-0.00183979	175620
8.68887	-0.00034737	-0.00240438	193061
111.131	-0.00301438	-0.0120135	126524
110.887	-0.00293844	-0.0114922	9778.62
110.152	-0.00312951	-0.0118583	80669
21.2464	-0.0005552	-0.00114868	93988.7
12.0497	-0.00057637	-0.00220629	16269.4
11.5537	-0.00047877	-0.00244762	262765
111.073	-0.00327137	-0.0115782	45917.4
111.073	-0.00307946	-0.0118958	46194.6
109.678	-0.00394333	-0.0117492	1637.1
23.0994	-0.000997545	-0.00115086	122610
11.3624	-0.000464059	-0.00261714	91045.6
11.3624	-0.000471013	-0.00264633	129837
111.823	-0.00291019	-0.0124549	103942
111.823	-0.00291019	-0.0124549	103943
111.481	-0.00304542	-0.01166	157895
11.6168	-0.000297234	-0.000483707	480074
5.76607	-0.000299127	-0.00134112	17058.9
5.76607	-0.000299127	-0.00134112	17058.9
111.602	-0.0010521	-0.0120987	568.003
111.602	-0.0010521	-0.0120987	568.003
111.546	-0.00461204	-0.0122125	13687.8
12.4123	-0.000244438	-0.000756474	200831
7.57411	-0.000344694	-0.0012683	466650
7.57411	-0.000344694	-0.0012683	466649
111.823	-0.00349676	-0.0122868	125119
111.823	-0.0036094	-0.0119615	109513
111.481	-0.00328316	-0.0123128	447533
11.6168	-0.000306171	-0.000540152	31426.3
5.76607	-0.00025372	-0.00130933	131864
5.76607	-0.0002676	-0.00132375	122431
112.084	-0.00340222	-0.0123396	159189
112.084	-0.00340222	-0.0123396	159190
112.084	-0.00340222	-0.0123396	159190
0	0	0	0
0	0	0	0
0	0	0	0
