720 Out of 20250 QH, Third, Fourth Freq in rad/ps and Lifetimes in ps for a 15x15x15 Si Lattice at 5K. (atoms/UC=2)
105.47	-0.0056556	-0.00902598	1280.31
105.47	-0.0056556	-0.00902598	1280.32
85.5665	-0.00249476	-0.00198186	3529.97
72.3964	-0.00216881	-0.00890998	553.727
29.3646	-0.00107612	-0.00770016	17253.9
29.3646	-0.00107612	-0.00770016	17253.9
105.517	-0.00268864	-0.00900745	24166
105.224	-0.00259241	-0.00889061	7926
87.1767	-0.00192613	-0.00337769	1677.89
70.0013	-0.00209328	-0.00751924	77.9064
30.6557	-0.00106748	-0.0076412	91360.3
29.8138	-0.00113265	-0.00765808	24516.6
105.187	-0.00262794	-0.00873336	10814.7
104.463	-0.00269905	-0.00845475	7028.89
88.5801	-0.000933211	-0.0044972	3616.39
67.1552	-0.00130684	-0.00633586	383.608
34.4873	-0.00116707	-0.0078009	58910.4
31.2602	-0.0012928	-0.00775958	20515.6
104.341	-0.00267202	-0.00819183	504.31
103.283	-0.00320779	-0.0077595	5157.66
89.589	-0.00173949	-0.00538431	1016.11
64.9949	-0.000672226	-0.00530422	128.567
38.9123	-0.00161856	-0.00842572	2253.5
33.4285	-0.00158037	-0.00804994	15831.6
102.923	-0.00314121	-0.007351	13628.6
101.846	-0.00230909	-0.00688164	5182.25
90.0962	-1.26322e-05	-0.0061533	298.832
65.1165	-0.00194536	-0.00467805	239.969
41.7286	-0.00108691	-0.00922276	2319.46
35.9395	-0.00170544	-0.00853515	1878.4
101.091	-0.0049079	-0.00618843	199.047
100.38	-0.0049519	-0.00594407	128.271
89.8934	-0.00390196	-0.00689548	570.029
68.2106	-0.000213345	-0.00492763	65.7366
42.0785	-0.00171453	-0.00959394	1240.13
38.3789	-0.00242646	-0.00915274	2390.98
99.3636	-0.000749782	-0.00492356	522.662
99.1544	-0.00227436	-0.00512155	4645.13
88.5368	0.00158809	-0.00747309	944.776
72.8752	0.00167484	-0.00564174	125.383
41.452	-0.00169502	-0.00976578	2823.92
40.34	-0.00146344	-0.00976652	489.122
98.4356	-0.0022195	-0.00440266	1336.76
98.4356	-0.0022195	-0.00440266	1336.76
85.5712	-0.00263313	-0.00739594	976.121
77.5194	-0.000340827	-0.00629929	324.65
41.4735	-0.00188929	-0.0100972	766.35
41.4735	-0.00188929	-0.0100972	766.35
105.753	-0.00169787	-0.00918018	378.726
105.429	-0.00288664	-0.00896694	5358.2
89.1634	-0.00391021	-0.00447169	1536.08
67.4202	-0.00384638	-0.00647086	222.918
30.761	-0.00152167	-0.00743162	1847.52
28.7496	-0.00101335	-0.00756214	19865.9
105.721	-0.00292605	-0.00911295	17744.5
105.022	-0.00428418	-0.00871511	207.208
90.7434	-0.000849032	-0.00535494	407.69
64.4667	-0.00410432	-0.00557173	155.816
33.1728	-0.00139883	-0.00743071	2409.09
29.4269	-0.00123592	-0.00753239	41132
105.193	-0.00309884	-0.00877533	2790.54
104.122	-0.00061476	-0.00817504	212.117
91.8337	-0.00119183	-0.00605774	356.491
62.0431	-0.00205095	-0.00478083	978.513
36.6557	-0.00144731	-0.0078173	7592.76
31.4503	-0.00134913	-0.00765645	10466.9
104.046	-0.00331718	-0.00814355	2253.22
102.881	-0.0022201	-0.00740149	908.461
92.3883	-0.003881	-0.00663701	41.5042
61.5657	-0.00155169	-0.00426594	451.691
39.3952	-0.00160878	-0.00845908	9807.25
34.1264	-0.00197201	-0.00801754	2009.76
102.36	-0.00270635	-0.00719154	18213.9
101.49	-0.00381558	-0.00648031	993.795
92.275	-0.00694106	-0.00716674	505.588
63.982	-0.00200944	-0.00443631	1457.52
40.1907	-0.00134877	-0.00888418	558.522
36.9333	-0.00179581	-0.00859645	1955.99
100.558	-0.0051499	-0.00606845	1305.26
100.174	-0.00192105	-0.00549924	4836.42
91.1499	-0.00895479	-0.00761723	229.215
68.2744	-0.00158224	-0.00504443	875.899
40.2048	-0.0022899	-0.0092616	2181.55
39.2825	-0.00224121	-0.00921734	1970.84
99.3636	-0.00210893	-0.00524084	1311.47
99.1544	-0.00266606	-0.0046845	1465.26
88.5368	0.00311663	-0.00759896	484.736
72.8752	-0.00182987	-0.00563165	213.904
41.452	-0.00237607	-0.00995364	5137.65
40.34	-0.00228071	-0.0095775	778.867
105.973	-0.00301384	-0.00928588	46922.1
105.1	-0.00317535	-0.00864171	20073.3
92.3595	-0.00214659	-0.00608191	3147.85
61.4536	-0.00129569	-0.00482355	1864.68
34.7933	-0.00105445	-0.00732656	1900.92
28.2651	-0.00120247	-0.00745626	95814.4
105.821	-0.00255405	-0.00918437	5694.84
104.65	-0.00234153	-0.00829711	440.007
93.3843	-0.00357983	-0.00664963	914.638
58.9241	-0.00398666	-0.00412456	468.293
37.3526	-0.000936778	-0.00761361	7401.47
29.068	-0.000903698	-0.00746289	4237.48
105.102	-0.00496372	-0.00881147	1544.08
103.803	-0.00332717	-0.00771543	292.165
93.7893	-0.00315637	-0.00704636	932.765
58.2084	-0.00146527	-0.0037017	887.366
39.2493	-0.00140611	-0.00811291	1973.02
31.4402	-0.00157802	-0.0076423	17811.9
103.849	-0.00411628	-0.00816831	134.431
102.701	-0.00341725	-0.00696788	884.214
93.4858	-0.00431835	-0.00727976	307.542
60.1981	-0.00142132	-0.00392421	176.625
39.6762	-0.00161194	-0.00844232	3992.43
34.4775	-0.0016892	-0.00805008	5432.11
102.36	-0.0031137	-0.00728168	1655.88
101.49	-0.00382053	-0.00617613	641.236
92.275	-0.00696011	-0.00735328	356.45
63.982	-0.00216395	-0.00447163	800.326
40.1907	-0.00165021	-0.00895042	733.04
36.9333	-0.00159743	-0.0085105	2326.51
101.091	-0.00513436	-0.0063305	196.698
100.38	-0.00486763	-0.00548826	831.848
89.8934	0.0027867	-0.00718427	483.539
68.2106	-0.00167633	-0.00494733	214.091
42.0785	-0.00244012	-0.009759	5776.34
38.3789	-0.00161562	-0.00897608	3513.97
106.092	-0.00338777	-0.0093268	32918.4
104.743	-0.00325175	-0.00819823	2845.56
94.2335	-0.00176221	-0.00707705	10540.2
56.4915	-0.00191622	-0.00348104	788.733
39.0439	-0.00134861	-0.00782144	8354.06
27.9983	-0.00117655	-0.0073985	65639.7
105.85	-0.00274164	-0.00919642	9534.87
104.442	-0.00338047	-0.00791919	3319.95
94.3799	-0.00128226	-0.0072753	3448.84
56.1115	-0.00230086	-0.00330408	1027.75
39.7907	-0.00134788	-0.00803476	7326.21
28.9438	-0.00137038	-0.00743894	24975.4
105.102	-0.0042913	-0.00880407	2158.05
103.803	-0.00351661	-0.00749724	7813.35
93.7893	-0.00278124	-0.0072262	311.583
58.2084	-0.00320616	-0.00379786	674.308
39.2493	-0.00144708	-0.00804886	9141.79
31.4402	-0.001991	-0.0076361	2055.04
104.046	-0.00292444	-0.00815495	507.511
102.881	-0.00268169	-0.00698487	1482.23
92.3883	0.000196192	-0.00696782	137.613
61.5657	-0.00390905	-0.00438802	441.851
39.3952	-0.00105333	-0.00844593	3465.18
34.1264	-0.00205947	-0.00795189	1213.55
102.923	-0.00336647	-0.00734727	9400.63
101.846	-0.00247474	-0.00640361	4933.18
90.0962	-0.00158286	-0.00655937	2346.27
65.1165	-0.00430047	-0.00477432	498.364
41.7286	-0.00179576	-0.00933019	10738.6
35.9395	-0.00191586	-0.00837205	4064.64
106.092	-0.00293198	-0.00929683	101.109
104.743	-0.00365718	-0.00800415	16108.2
94.2335	-0.00166941	-0.00724956	3309.67
56.4915	-0.00241153	-0.00360597	4986.64
39.0439	-0.00134039	-0.00772421	23019.1
27.9983	-0.00134614	-0.00739753	52017.7
105.821	-0.00312711	-0.009133	6475.07
104.65	-0.00390635	-0.00793187	189.896
93.3843	-0.00229426	-0.00696866	778.742
58.9241	-0.00343676	-0.00431999	644.501
37.3526	-0.00137166	-0.00747299	5933.48
29.068	-0.000974284	-0.00746	14842.6
105.193	-0.00409964	-0.00870483	1303.87
104.122	9.88716e-05	-0.00769227	74.1043
91.8337	-0.000968564	-0.00648388	137.56
62.0431	-0.00203167	-0.00499306	376.532
36.6557	-0.00163325	-0.00771473	1854.74
31.4503	-0.00157302	-0.00761733	6606.05
104.341	-0.00414184	-0.00808105	364.993
103.283	-0.00388631	-0.00725996	7700.52
89.589	-0.00257264	-0.00586404	321.314
64.9949	-0.00364457	-0.00549333	115.31
38.9123	-0.00154062	-0.00845976	6017.92
33.4285	-0.00168848	-0.0078987	7358.51
105.973	-0.00271001	-0.00920089	22543.2
105.1	-0.00316973	-0.00816143	14418.5
92.3595	-0.00164761	-0.00650337	441.475
61.4536	-0.00249942	-0.00507186	2525.22
34.7933	-0.000721427	-0.00715421	1873.85
28.2651	-0.00117936	-0.00745416	119068
105.721	-0.00319479	-0.00898958	5345.29
105.022	-0.00388472	-0.00817225	178.871
90.7434	-0.00215949	-0.00584794	87.6298
64.4667	-0.00405271	-0.00583523	244.879
33.1728	-0.00118501	-0.00727168	11377.1
29.4269	-0.00121074	-0.00751761	45533.5
105.187	-0.00287343	-0.00854174	2179.75
104.463	-0.00442049	-0.00793765	760.093
88.5801	-0.00181514	-0.00502991	400
67.1552	-0.00133654	-0.00658341	259.768
34.4873	-0.00126199	-0.0077875	63789.7
31.2602	-0.00147721	-0.0076169	10300.1
105.753	-0.00316932	-0.00905423	1037.71
105.429	-0.00347986	-0.00834933	7348.48
89.1634	-0.00138893	-0.00501462	801.953
67.4202	-0.00528571	-0.00675135	539.804
30.761	-0.00133439	-0.00725029	2854.57
28.7496	-0.00111733	-0.00756073	19537.8
105.517	-0.00651194	-0.0087591	294.677
105.224	-0.00261994	-0.00836216	5403.83
87.1767	-0.000776142	-0.00395595	59.6187
70.0013	-0.00715566	-0.00778621	81.8281
30.6557	-0.00109005	-0.00760373	34821
29.8138	-0.00120388	-0.00752021	17979.9
105.47	-0.00539052	-0.00875143	1758.66
105.47	-0.00671729	-0.00849369	911.808
85.5665	-0.00181896	-0.00260143	4648.89
72.3964	-0.0023679	-0.00916142	838.129
29.3646	-0.00133144	-0.00765522	5365.75
29.3646	-0.00126709	-0.00756364	5211.03
106.098	-0.00207242	-0.0093906	305.504
106.098	-0.00207242	-0.0093906	305.504
91.4888	-0.00230154	-0.00537434	3980.88
64.7507	-0.00431482	-0.00566488	194.528
27.9046	-0.000916366	-0.00722604	33693
27.9046	-0.000916366	-0.00722604	33693
106.417	-0.00340839	-0.00953367	3238.97
105.901	-0.00552252	-0.00929284	669.775
93.3052	-0.00293549	-0.00612799	584.882
61.7077	-0.00138291	-0.00496473	191.343
28.4916	-0.00118236	-0.00707255	61076.5
28.2014	-0.00109851	-0.00701052	74691.2
106.179	-0.00518888	-0.00936847	766.711
105.186	-0.00399137	-0.00889696	256.907
94.5915	-0.00257635	-0.00673792	5294.66
59.0087	-0.0018846	-0.0043745	820.862
31.6177	-0.00118653	-0.00712916	14364.1
29.5807	-0.00139249	-0.00699048	25402.7
105.226	-0.00148629	-0.0088635	818.021
104.044	-0.00272591	-0.00824097	12482.4
95.3584	0.000508038	-0.00723496	562.499
57.8888	-0.00113617	-0.00397617	155.528
35.0958	-0.00173371	-0.00753099	4046.02
31.7656	-0.00155032	-0.00723106	78778.2
103.551	-0.00656503	-0.00793728	615.537
102.631	-0.00240411	-0.0073964	7223.87
95.5495	-0.00400291	-0.00771832	1174.46
59.5991	-0.00285276	-0.00407641	795.276
37.064	-0.00175618	-0.00798383	2060.13
34.3575	-0.00190561	-0.00773722	50365.1
101.489	-0.00327266	-0.00651207	2082.3
101.168	-0.00191884	-0.00647786	8137.49
94.8677	-0.00346412	-0.00831278	2326.29
63.6788	-0.00144859	-0.00462868	398.703
37.8474	-0.0020252	-0.00840715	2238.05
36.9222	-0.0025299	-0.00843534	1464.69
99.9213	-0.00151423	-0.0054328	663.924
99.9213	-0.00151423	-0.0054328	663.924
92.5962	0.00589435	-0.00848288	200.665
68.4975	-0.00279487	-0.00522795	98.5681
39.0379	-0.00216458	-0.00908535	20034.4
39.0379	-0.00216459	-0.00908535	20034.9
106.838	-0.00221401	-0.00979393	2397.92
106.262	-0.00305147	-0.00946084	26542
95.2582	0.000377481	-0.00680209	1233.76
58.5808	-0.00257341	-0.00437262	1529.11
28.679	-0.000939241	-0.00666285	44455.6
26.1919	-0.00107246	-0.00687528	81505.9
106.914	-0.00309948	-0.00981757	1666.56
105.927	-0.00358774	-0.00924923	2946.48
96.6084	0.00164708	-0.00735594	136.243
55.6945	-0.0035773	-0.00385719	785.145
30.6066	-0.00110389	-0.00657848	42765.3
26.6446	-0.000858303	-0.00674842	675.636
106.325	-0.00331302	-0.00952449	3885.22
105.083	-0.00426122	-0.00874029	8703.22
97.384	-0.00395921	-0.0077789	222.963
54.1597	-0.00142786	-0.00351012	469.932
33.2263	-0.00113235	-0.00685368	4506.68
28.767	-0.00130054	-0.00678075	13864.5
104.989	-0.0040492	-0.00887212	2424.89
103.883	-0.00293239	-0.00798425	349.467
97.5526	-0.00395192	-0.00811192	341.839
55.2843	-0.000424637	-0.00359315	899.55
35.0308	-0.00072612	-0.00724847	1139
31.6397	-0.00169462	-0.00710625	3743.74
103.139	-0.00343002	-0.00784274	5929.91
102.509	-0.00261521	-0.0070278	1719.82
96.8998	-0.0021266	-0.00844364	760.239
58.9539	-0.00321469	-0.00409422	355.75
36.0257	-0.00175618	-0.00772026	16689.9
34.6001	-0.00191591	-0.0076777	54396
101.489	-0.00341483	-0.00674062	1096.65
101.168	-0.00329436	-0.00602547	8099.63
94.8677	-0.00231328	-0.00852043	1468.2
63.6788	-0.00108023	-0.00464825	295.532
37.8474	-0.00180476	-0.00856707	579.219
36.9222	-0.00219051	-0.00826349	1104.84
107.33	-0.00265942	-0.010045	12772
106.088	-0.0042298	-0.00922857	497.316
97.9137	-0.00322821	-0.00787198	8062.76
52.6564	-0.00156122	-0.00334257	1007.57
31.9429	-0.00129076	-0.00639401	3040.07
24.9953	-0.000949106	-0.0066493	17483.4
107.177	-0.00480201	-0.00997306	1815.6
105.72	-0.00374302	-0.00892124	18835.6
98.5426	-0.00284539	-0.00822593	1395.2
50.9996	-0.00197525	-0.00299501	858.763
33.68	-0.00123278	-0.00657183	14947.5
25.7526	-0.00105543	-0.00660346	44956
106.343	-0.00325036	-0.00959275	1810.93
104.95	-0.00334984	-0.00838239	4090.44
98.4659	-0.00351032	-0.00838162	1194.23
51.9658	-0.00181168	-0.00314088	176.802
34.5381	-0.00135958	-0.00682349	1826.73
28.3319	-0.001654	-0.00672153	1173.54
104.989	-0.00384244	-0.00890433	5771.66
103.883	-0.00274588	-0.00768165	407.826
97.5526	-0.00335482	-0.00834538	1481.72
55.2843	-0.00215441	-0.00365688	1049.06
35.0308	-0.00128713	-0.00724139	1591.05
31.6397	-0.00157686	-0.00707136	13766.2
103.551	-0.00450278	-0.00797319	2118.57
102.631	-0.00309445	-0.00692183	30582.6
95.5495	-0.00330094	-0.00810231	1537.31
59.5991	-0.00249912	-0.00415079	1481.41
37.064	-0.00170182	-0.00809896	2515.42
34.3575	-0.00179171	-0.00757927	3522.31
107.502	-0.00380313	-0.010113	7015.59
105.926	-0.00413775	-0.00889486	9569.75
98.9196	-0.000933476	-0.00846496	1602.39
49.6497	-0.00233455	-0.00275495	12263.9
34.1979	-0.00116266	-0.00653993	6241.53
24.5642	-0.0011626	-0.00656932	90159.9
107.177	-0.00360569	-0.00995031	3797.11
105.72	-0.00377474	-0.00869077	18276.1
98.5426	-0.00143179	-0.00843254	128.841
50.9996	-0.00116436	-0.00310233	224.754
33.68	-0.00120151	-0.0064916	48041.7
25.7526	-0.00115747	-0.00660014	54873.6
106.325	-0.00332946	-0.00949348	947.078
105.083	-0.00243488	-0.00830887	169.876
97.384	-0.00931287	-0.00815721	38.3758
54.1597	-0.00138555	-0.00366681	1978.94
33.2263	-0.00142832	-0.00676531	6096.73
28.767	-0.00129172	-0.00675901	19764.4
105.226	-0.00105142	-0.00878228	1041.23
104.044	-0.00359426	-0.00774501	1530.73
95.3584	-0.00418597	-0.00770848	229.429
57.8888	-0.00293044	-0.004135	373.697
35.0958	-0.00162001	-0.00757801	15145.3
31.7656	-0.00154229	-0.00708509	18608.8
107.33	-0.00344464	-0.0099906	10433.1
106.088	-0.00179359	-0.00882896	701.132
97.9137	0.00549818	-0.00823239	279.167
52.6564	-0.00251913	-0.00353145	4250.72
31.9429	-0.00104223	-0.00625759	15655.9
24.9953	-0.00109589	-0.00664269	34074.3
106.914	-0.00394178	-0.00973456	1254.77
105.927	-0.00528258	-0.00873377	182.302
96.6084	-0.00275919	-0.00782267	2431.13
55.6945	-0.00275712	-0.00408253	406.009
30.6066	-0.00103648	-0.00643142	14896.6
26.6446	-0.000903492	-0.00673762	534.541
106.179	-0.00558611	-0.00920573	610.652
105.186	-0.00187954	-0.00838361	181.78
94.5915	-0.00061755	-0.00726151	2678.94
59.0087	-0.00263024	-0.00460395	2795.61
31.6177	-0.00126344	-0.00712077	14592
29.5807	-0.00133761	-0.00685293	5188.96
106.838	-0.00311096	-0.00969339	15598.3
106.262	-0.00349299	-0.0088661	669.483
95.2582	0.0101633	-0.00732691	126.142
58.5808	-0.00222777	-0.00463258	475.393
28.679	-0.00134967	-0.00649576	1919.73
26.1919	-0.00104123	-0.00686681	130529
106.417	-0.00443419	-0.00930903	1626.55
105.901	-0.00634358	-0.00876834	530.775
93.3052	-0.000775947	-0.00668562	2443.58
61.7077	-0.00264453	-0.0052338	266.067
28.4916	-0.00112175	-0.00703455	36247.1
28.2014	-0.00123772	-0.00687743	7240.58
106.098	-0.00296832	-0.00912717	28860.6
106.098	-0.0029935	-0.00886249	15403.9
91.4888	-0.000709813	-0.00595451	9130.94
64.7507	-0.00586187	-0.00594796	580.925
27.9046	-0.00106837	-0.00717903	49475.1
27.9046	-0.00103343	-0.00709382	59049.5
107.211	-0.00267847	-0.0100203	31291.5
107.211	-0.00267847	-0.0100203	31291.6
97.4667	-0.00303072	-0.00743133	12495.1
55.3453	0.000675773	-0.00387332	271.786
25.1291	-0.000912882	-0.00636706	83061.5
25.1291	-0.000912882	-0.00636706	83061.6
107.664	-0.00220894	-0.0102458	277.669
107.046	-0.00337102	-0.00994622	11917.7
99.0224	-0.00341517	-0.00795919	16022.8
52.2187	-0.0021141	-0.00343849	447.656
25.3309	-0.000988047	-0.00601203	17217
25.1632	-0.00129505	-0.00617234	3792.92
107.376	-0.00350796	-0.0101099	11089.8
106.364	-0.00362614	-0.0095803	13308.2
99.9968	-0.00334466	-0.00836178	446.698
50.1367	-0.00104281	-0.00315843	228.625
27.7636	-0.000923529	-0.00614876	105412
26.7558	-0.00122563	-0.00592561	29491.6
106.219	-0.00343421	-0.00955991	18866.5
105.253	-0.00320923	-0.00895876	2998.09
100.42	-0.00436823	-0.00867197	2573.1
50.4633	-0.00148015	-0.00320916	2988.69
30.5837	-0.00120111	-0.00635838	36615.7
29.0861	-0.00150513	-0.00618247	135135
104.298	-0.0042732	-0.00840278	549.407
103.866	-0.00362879	-0.00814996	2061.07
100.177	-0.00822419	-0.00909825	520.9
53.7087	-0.00168214	-0.00365556	541.195
32.5247	-0.00176782	-0.00673618	63423.9
31.8677	-0.00175702	-0.00676594	73599.6
102.417	-0.00241679	-0.00703994	10602.1
102.417	-0.00241679	-0.00703994	10602.1
98.5578	-0.00989585	-0.0095174	340.059
58.5851	-0.000565866	-0.00420728	176.216
34.6271	-0.00210018	-0.00749238	18499.3
34.6271	-0.00210018	-0.00749238	18499.3
108.195	-0.0040237	-0.0105424	2585.17
107.478	-0.00351528	-0.0101531	5286.03
100.684	-0.00324668	-0.00847877	3318.01
48.8376	-0.00153265	-0.00302019	889.364
25.3873	-0.000919903	-0.00558583	84262.8
22.573	-0.000687331	-0.00591218	5903.66
108.255	-0.00259019	-0.010582	2909.91
107.175	-0.00325956	-0.00995414	2100.2
101.689	-0.00298645	-0.00887821	452.21
46.3842	-0.00189142	-0.00272661	549.478
26.9393	-0.000958468	-0.00545078	13146.3
22.947	-0.00102172	-0.00574418	13561.4
107.513	-0.00300091	-0.010267	4665.7
106.369	-0.00396332	-0.00944848	2838.07
102.072	-0.00311767	-0.00914112	12681.7
46.1948	-0.000799596	-0.00274973	387.392
28.8978	-0.00113125	-0.00563569	41923.2
25.331	-0.00103037	-0.00573627	645.671
106.005	-0.00319427	-0.00955469	5365.46
105.215	-0.00274384	-0.00865847	477.784
101.725	-0.00147139	-0.00933883	1199.56
48.9966	-0.00144109	-0.00317105	1149.35
30.4332	-0.00138017	-0.00602631	46928.6
28.5982	-0.00147627	-0.00606599	6485.25
104.298	-0.00328707	-0.00853163	133.765
103.866	-0.00204983	-0.00768203	2801.74
100.177	0.00323437	-0.00941152	79.6852
53.7087	-0.00138514	-0.00369604	1444.5
32.5247	-0.00177931	-0.00685946	40823.5
31.8677	-0.00182017	-0.00661708	2834.34
108.72	-0.00256347	-0.0108032	27775
107.363	-0.00384963	-0.00993344	29274.8
102.59	-0.00291944	-0.00927984	300.39
43.7413	-0.00102065	-0.00237324	10224.8
27.751	-0.00099153	-0.00522675	43137.9
21.0921	-0.000755404	-0.00568069	42587.5
108.47	-0.00304309	-0.010698	17860.7
107.067	-0.00268855	-0.00963904	1438.09
102.738	-0.00200156	-0.0094745	198.693
43.5505	-0.00144477	-0.00239289	359.966
28.5149	-0.00119072	-0.00528922	27348.5
22.1175	-0.00103586	-0.00562522	47590.2
107.513	-0.00263618	-0.0102667	3550.41
106.369	-0.00360873	-0.00913136	29020.6
102.072	-0.00251911	-0.00942074	1477.87
46.1948	-0.00114696	-0.0028305	684.793
28.8978	-0.00115742	-0.00558517	55766.3
25.331	-0.00107946	-0.00572656	34431.9
106.219	-0.00167551	-0.00951691	3037.31
105.253	-0.0031865	-0.00846951	12761
100.42	-0.00192861	-0.00913987	868.334
50.4633	-0.000901312	-0.00331933	1126.65
30.5837	-0.0014081	-0.00642192	18567.1
29.0861	-0.00148404	-0.00604609	19260.5
108.72	-0.00433155	-0.0107787	2095.35
107.363	-0.00158036	-0.00966617	410.245
102.59	-0.00215932	-0.00952997	439.326
43.7413	-0.00206923	-0.00247499	511.565
27.751	-0.000948273	-0.00515024	36514.8
21.0921	-0.000475277	-0.0056744	9042.65
108.255	-0.00170231	-0.0105361	1994.71
107.175	-0.00376392	-0.00948934	2908.93
101.689	-0.00291042	-0.00930918	485.4
46.3842	-0.00158054	-0.00288976	1978.35
26.9393	-0.00101126	-0.00533635	47048.5
22.947	-0.000964384	-0.00573451	26452.9
107.376	-0.00320119	-0.00997818	12792.5
106.364	-0.00367325	-0.00907379	3747.25
99.9968	-0.0100261	-0.00889286	35.0092
50.1367	-0.00258129	-0.00334251	3435.17
27.7636	-0.000926229	-0.00615096	49178.2
26.7558	-0.00131877	-0.00579785	65323.9
108.195	-0.00228355	-0.0104723	13879.7
107.478	-0.00918673	-0.00958568	192.571
100.684	-0.00194612	-0.0089978	10938.1
48.8376	-0.00195799	-0.00323174	248.744
25.3873	-0.000884047	-0.00544387	251331
22.573	-0.00101913	-0.00589807	37212.1
107.664	-0.0013972	-0.0100492	373.124
107.046	-0.00425603	-0.00942873	985.615
99.0224	-0.0045579	-0.00852671	928.701
52.2187	-0.00150031	-0.00367109	730.581
25.3309	-0.000987748	-0.00588858	24118.2
25.1632	-0.000921359	-0.00613693	71843.2
107.211	-0.00249529	-0.00977623	12154.7
107.211	-0.00196203	-0.0094994	4610.05
97.4667	-0.00352204	-0.00802118	5495.67
55.3453	-0.00229793	-0.00413132	939.492
25.1291	-0.000949557	-0.00631799	213318
25.1291	-0.000937203	-0.00624407	227453
108.574	-0.00457848	-0.0107673	3194.35
108.574	-0.00457848	-0.0107673	3194.35
102.604	-0.00455592	-0.00898514	1176.3
45.1145	-0.00244415	-0.00264634	740.552
21.2743	-0.000796153	-0.00525191	638053
21.2743	-0.000796153	-0.00525191	638057
109.013	-0.00125542	-0.0109938	1575.21
108.42	-0.00491417	-0.0107003	3275.99
103.823	-0.0036256	-0.00938322	32982.4
42.1075	-0.00224074	-0.00237221	862.022
21.4648	-0.000890025	-0.00480368	33309.7
20.9641	-0.000813316	-0.00505178	11264.7
108.555	-0.0031725	-0.0108123	19937.5
107.754	-0.00312162	-0.0103498	2631.24
104.447	-0.00362547	-0.00964299	1124.6
41.0296	-0.00122321	-0.00236616	622.689
23.3479	-0.000818393	-0.00495113	74737
23.0976	-0.00110339	-0.00473092	83359
107.137	-0.00369727	-0.0100957	11370.3
106.662	-0.00377838	-0.00975156	1396.42
104.483	-0.0045852	-0.00987986	3404.67
43.1242	-0.00198738	-0.00273507	2624.93
26.0689	-0.00123282	-0.00510263	14445.9
25.7443	-0.00120402	-0.00509442	48624.7
105.295	-0.00322555	-0.00874303	12440.4
105.295	-0.00322555	-0.00874303	12440.3
103.437	-0.00360674	-0.0104523	8719.72
47.885	-0.0020539	-0.00325156	541.923
28.8439	-0.00125615	-0.00575475	14833.5
28.8439	-0.00125615	-0.00575475	14833.5
109.569	-0.00472759	-0.0112787	1152.83
108.839	-0.00306716	-0.0108919	30475.8
105.129	-0.00640171	-0.00980305	1103.92
38.6043	-0.000480689	-0.00205256	1221.14
21.1484	-0.000868495	-0.0043334	30366.9
18.1889	-0.000884952	-0.00479162	16304
109.509	-0.00292323	-0.0112739	2268.6
108.539	-0.00302581	-0.0106663	7152.17
105.742	-0.00408296	-0.0100933	4986.09
37.0031	-0.00050767	-0.00197072	766.152
22.3925	-0.000778228	-0.00419348	22923.4
18.7757	-0.000927874	-0.00461591	5727.18
108.579	-0.00288922	-0.0108954	1843.74
107.776	-0.00321023	-0.0100974	1079.99
105.639	-0.00367534	-0.010261	5692.33
38.6238	-0.00310206	-0.00229474	819.274
23.9909	-0.000977848	-0.00442264	51582.1
21.805	-0.000960417	-0.00462322	80538.2
107.137	-0.0020248	-0.0101275	3398.6
106.662	-0.00339136	-0.00927058	148.674
104.483	-0.00292934	-0.0103016	6000.57
43.1242	-0.00160767	-0.00279075	3667.83
26.0689	-0.00133854	-0.00518497	106847
25.7443	-0.00131736	-0.00497221	11043.7
109.914	-0.00357477	-0.0114393	33863.3
108.754	-0.00360983	-0.0105998	100162
106.158	-0.00468591	-0.0104033	275.965
35.3506	-0.00149625	-0.00179452	419.468
22.3602	-0.000480557	-0.00397336	718.105
16.998	-0.000690341	-0.00463982	214193
109.509	-0.00297819	-0.011259	760.022
108.539	-0.0033442	-0.010314	60249.3
105.742	-0.00389207	-0.010427	2986.17
37.0031	-0.000885908	-0.00205691	1795.76
22.3925	-0.0005088	-0.00412949	5583.13
18.7757	-0.000766392	-0.0046097	19422.5
108.555	-0.00293213	-0.0107143	45744.2
107.754	-0.00276869	-0.00985161	16344.3
104.447	-0.00322806	-0.0101778	6268.1
41.0296	-0.00149971	-0.00249416	11944.2
23.3479	-0.00087839	-0.00496964	46697.5
23.0976	-0.00125208	-0.00461809	13505.8
109.569	-0.00236867	-0.0112384	2267.07
108.839	-0.00347211	-0.0103662	5192.19
105.129	-0.00379057	-0.0103019	369.355
38.6043	-0.00208606	-0.00220353	608.644
21.1484	-0.000809293	-0.00422747	54700.3
18.1889	-0.00080378	-0.00477639	19928.1
109.013	-0.00318103	-0.0108261	8731.23
108.42	-0.00245014	-0.0101912	1305.01
103.823	-0.00373681	-0.00996459	7732.19
42.1075	-0.000900368	-0.0025555	383.357
21.4648	-0.0008771	-0.00469538	501800
20.9641	-0.000697751	-0.00502399	108425
108.574	-0.00602178	-0.0105463	1217.32
108.574	-0.00641644	-0.0102548	1027.08
102.604	-0.00208513	-0.00959438	15195.1
45.1145	-0.00307254	-0.00286179	1619.49
21.2743	-0.000822856	-0.00520355	19825.5
21.2743	-0.000772688	-0.00514382	12667.6
109.935	-0.00212368	-0.011489	566.528
109.935	-0.00212368	-0.011489	566.528
106.703	-0.00393592	-0.0102066	39033.5
34.3122	-0.000823706	-0.00173539	6619.18
16.6033	-0.000799358	-0.00399622	34752.4
16.6033	-0.000799358	-0.00399622	34752.3
110.232	-0.00435847	-0.0116492	10547
109.773	-0.00389076	-0.0114154	14542.4
107.557	-0.00380717	-0.0104897	20875.8
31.6542	-0.000832435	-0.00160667	7941.54
16.9132	-0.0007467	-0.00351585	61055.2
16.2548	-0.000684202	-0.00379209	16270.5
109.517	-0.00286442	-0.011344	5609.57
109.105	-0.00322044	-0.0110668	60110.5
107.81	-0.00381374	-0.0106441	8217.29
32.1612	-0.000426435	-0.0018725	1124.34
19.0053	-0.000863513	-0.00357481	178689
18.9313	-0.000724549	-0.00365719	34202.4
108.016	-0.0032298	-0.0102435	23306
108.016	-0.0032298	-0.0102435	23305.9
107.226	-0.0120157	-0.0112403	34.982
36.523	-0.00189209	-0.00236391	8424.72
22.1922	-0.0011632	-0.00410587	53781.1
22.1922	-0.0011632	-0.00410587	53781.1
110.735	-0.00280296	-0.0118876	15169.2
110.115	-0.00376357	-0.0115342	11517.2
108.469	-0.000503507	-0.0108299	676.639
28.2192	-0.000857787	-0.00135577	26132.1
16.2397	-0.00054005	-0.00302804	27303.5
13.3805	-0.000526128	-0.00360144	5164
110.487	-0.00294985	-0.0118012	25720.3
109.832	-0.00279676	-0.0111939	4782.46
108.614	-0.001897	-0.0110773	538.768
28.189	-0.000829902	-0.001494	2494.48
17.211	-0.000756939	-0.0030036	58486
14.7337	-0.000626128	-0.00343753	31685.4
109.517	-0.00318598	-0.0112986	2726.75
109.105	-0.00343879	-0.0105769	4328.21
107.81	-0.00390631	-0.0111556	4249.72
32.1612	-0.00122666	-0.0019382	2522.21
19.0053	-0.000932398	-0.0034817	78102.1
18.9313	-0.000817486	-0.00369826	25545.2
110.735	-0.00210922	-0.0118717	5901.72
110.115	-0.00270861	-0.011108	1121.65
108.469	-0.00192819	-0.0112458	2650.4
28.2192	-0.000852828	-0.00143687	2916.97
16.2397	-0.000361058	-0.00296904	12173.7
13.3805	-0.000591899	-0.00359095	8684.11
110.232	-0.0030986	-0.0115104	25916.3
109.773	-0.00284323	-0.0109145	10896.3
107.557	-0.00354745	-0.0110793	8364.02
31.6542	-0.000942567	-0.00173468	6693.16
16.9132	-0.000828691	-0.00342823	62227.5
16.2548	-0.000704241	-0.00377751	18115.2
109.935	-0.00398711	-0.0112905	212.543
109.935	-0.00343787	-0.0109847	350.585
106.703	-0.00319815	-0.0108347	43829.2
34.3122	-0.00116556	-0.00190098	75993.2
16.6033	-0.000665876	-0.00395328	84656.8
16.6033	-0.000634461	-0.00390884	98438.9
111.073	-0.00404972	-0.0120758	16448.9
111.073	-0.00404972	-0.0120758	16448.9
109.678	-0.0040545	-0.0111058	154944
23.0994	-0.000632469	-0.00103883	447108
11.3624	-0.000489742	-0.00267861	12413.9
11.3624	-0.000489742	-0.00267861	12413.9
111.131	-0.00317033	-0.0121161	48533.1
110.887	-0.00326808	-0.0119863	4436.81
110.152	-0.00392324	-0.0112786	12681.6
21.2464	-0.00077057	-0.00108032	3755.21
12.0497	-0.000604418	-0.00226864	8360.92
11.5537	-0.00033985	-0.00244297	5897.1
110.201	-0.00347722	-0.0113877	7364.41
110.201	-0.00347722	-0.0113877	7364.4
109.928	0.00303854	-0.0118384	11.0529
24.6446	-0.000700197	-0.00153733	81458.5
15.0245	-0.000775713	-0.00261637	72837.4
15.0245	-0.000775713	-0.00261637	72837.3
111.521	-0.00297134	-0.0122923	48913
111.149	-0.00206304	-0.0118731	805.784
110.604	-0.00489768	-0.011657	4093.39
18.4103	-0.000474566	-0.000869563	27172.3
10.8757	-0.000477892	-0.00183977	99094.9
8.68887	-0.000345015	-0.00240435	74016.6
111.131	-0.00301495	-0.0120134	90800
110.887	-0.00290285	-0.0114921	6693.33
110.152	-0.00312898	-0.0118582	33245.6
21.2464	-0.000552531	-0.00114867	41378.2
12.0497	-0.000577281	-0.00220627	10176.7
11.5537	-0.000478686	-0.0024476	85742.6
111.073	-0.00326442	-0.0115781	23784.5
111.073	-0.00307274	-0.0118957	23975.6
109.678	-0.00396415	-0.011749	913.478
23.0994	-0.00102113	-0.00115084	41567.2
11.3624	-0.000446716	-0.00261711	25599
11.3624	-0.000459352	-0.00264631	36424.8
111.823	-0.00291126	-0.0124547	33286
111.823	-0.00291126	-0.0124547	33286
111.481	-0.00304704	-0.0116599	45641.5
11.6168	-0.000296971	-0.000483703	253867
5.76607	-0.00029814	-0.00134109	22708
5.76607	-0.00029814	-0.00134109	22708
111.602	-0.00150343	-0.0120987	228.852
111.602	-0.00150343	-0.0120987	228.852
111.546	-0.00463602	-0.0122122	4012.41
12.4123	-0.0002431	-0.000756467	162980
7.57411	-0.000344624	-0.00126829	389683
7.57411	-0.000344624	-0.00126829	389683
111.823	-0.00349815	-0.0122866	71124.6
111.823	-0.00361081	-0.0119613	67411.3
111.481	-0.00328341	-0.0123126	221194
11.6168	-0.000308715	-0.000540147	32889.7
5.76607	-0.000253618	-0.00130932	139572
5.76607	-0.000267737	-0.00132373	144805
112.084	-0.00340495	-0.0123394	41495.4
112.084	-0.00340495	-0.0123394	41495.3
112.084	-0.00340495	-0.0123394	41495.3
0	0	0	0
0	0	0	0
0	0	0	0
