720 Out of 20250 Normal Mode Frequencies in 1/ps for a 15x15x15 Si Lattice.
  105.470183  105.470183   85.566481   72.396417   29.364615   29.364615
  105.516953  105.224423   87.176726   70.001343   30.655735   29.813750
  105.186734  104.463345   88.580056   67.155229   34.487300   31.260234
  104.341035  103.282886   89.588989   64.994865   38.912271   33.428525
  102.923045  101.846079   90.096198   65.116541   41.728600   35.939530
  101.090894  100.379569   89.893388   68.210581   42.078498   38.378860
   99.363629   99.154436   88.536765   72.875162   41.451972   40.339993
   98.435575   98.435575   85.571235   77.519413   41.473531   41.473531
  105.753498  105.429126   89.163422   67.420185   30.761006   28.749567
  105.720663  105.022312   90.743368   64.466686   33.172784   29.426857
  105.193122  104.122360   91.833745   62.043132   36.655684   31.450270
  104.045821  102.881276   92.388321   61.565714   39.395175   34.126447
  102.359502  101.489823   92.275024   63.982028   40.190656   36.933271
  100.557995  100.173992   91.149909   68.274414   40.204804   39.282487
   99.363629   99.154436   88.536765   72.875162   41.451972   40.339993
  105.972912  105.099991   92.359538   61.453615   34.793322   28.265052
  105.821090  104.650450   93.384310   58.924070   37.352557   29.067977
  105.102220  103.802870   93.789299   58.208402   39.249288   31.440243
  103.848651  102.700830   93.485791   60.198064   39.676245   34.477511
  102.359502  101.489823   92.275024   63.982028   40.190656   36.933271
  101.090894  100.379569   89.893388   68.210581   42.078498   38.378860
  106.092286  104.743402   94.233489   56.491541   39.043889   27.998299
  105.850225  104.442040   94.379946   56.111509   39.790670   28.943813
  105.102220  103.802870   93.789299   58.208402   39.249288   31.440243
  104.045821  102.881276   92.388321   61.565714   39.395175   34.126447
  102.923045  101.846079   90.096198   65.116541   41.728600   35.939530
  106.092286  104.743402   94.233489   56.491541   39.043889   27.998299
  105.821090  104.650450   93.384310   58.924070   37.352557   29.067977
  105.193122  104.122360   91.833745   62.043132   36.655684   31.450270
  104.341035  103.282886   89.588989   64.994865   38.912271   33.428525
  105.972912  105.099991   92.359538   61.453615   34.793322   28.265052
  105.720663  105.022312   90.743368   64.466686   33.172784   29.426857
  105.186734  104.463345   88.580056   67.155229   34.487300   31.260234
  105.753498  105.429126   89.163422   67.420185   30.761006   28.749567
  105.516953  105.224423   87.176726   70.001343   30.655735   29.813750
  105.470183  105.470183   85.566481   72.396417   29.364615   29.364615
  106.098413  106.098413   91.488844   64.750717   27.904623   27.904623
  106.417013  105.901006   93.305235   61.707667   28.491626   28.201362
  106.178596  105.185899   94.591548   59.008678   31.617731   29.580745
  105.225831  104.043602   95.358409   57.888833   35.095805   31.765557
  103.551088  102.631075   95.549541   59.599054   37.064043   34.357488
  101.489441  101.168394   94.867681   63.678849   37.847389   36.922242
   99.921274   99.921274   92.596165   68.497527   39.037896   39.037896
  106.838214  106.262485   95.258212   58.580761   28.678954   26.191860
  106.914291  105.927274   96.608380   55.694457   30.606592   26.644589
  106.325151  105.082811   97.384046   54.159721   33.226269   28.767002
  104.989330  103.882962   97.552606   55.284338   35.030781   31.639684
  103.138580  102.508974   96.899794   58.953868   36.025670   34.600141
  101.489441  101.168394   94.867681   63.678849   37.847389   36.922242
  107.329801  106.087620   97.913660   52.656354   31.942893   24.995274
  107.176733  105.720164   98.542588   50.999557   33.679975   25.752638
  106.342537  104.950310   98.465904   51.965787   34.538123   28.331923
  104.989330  103.882962   97.552606   55.284338   35.030781   31.639684
  103.551088  102.631075   95.549541   59.599054   37.064043   34.357488
  107.501738  105.925552   98.919629   49.649651   34.197902   24.564232
  107.176733  105.720164   98.542588   50.999557   33.679975   25.752638
  106.325151  105.082811   97.384046   54.159721   33.226269   28.767002
  105.225831  104.043602   95.358409   57.888833   35.095805   31.765557
  107.329801  106.087620   97.913660   52.656354   31.942893   24.995274
  106.914291  105.927274   96.608380   55.694457   30.606592   26.644589
  106.178596  105.185899   94.591548   59.008678   31.617731   29.580745
  106.838214  106.262485   95.258212   58.580761   28.678954   26.191860
  106.417013  105.901006   93.305235   61.707667   28.491626   28.201362
  106.098413  106.098413   91.488844   64.750717   27.904623   27.904623
  107.210765  107.210765   97.466729   55.345287   25.129079   25.129079
  107.663883  107.045611   99.022432   52.218710   25.330902   25.163217
  107.376323  106.363986   99.996820   50.136743   27.763630   26.755818
  106.219133  105.253022  100.419787   50.463252   30.583719   29.086090
  104.297668  103.865780  100.176713   53.708698   32.524681   31.867724
  102.417479  102.417479   98.557825   58.585091   34.627062   34.627062
  108.194999  107.478261  100.684192   48.837609   25.387266   22.572955
  108.255344  107.175201  101.689450   46.384224   26.939256   22.946985
  107.512931  106.368957  102.071950   46.194805   28.897822   25.331032
  106.004696  105.214928  101.725319   48.996647   30.433156   28.598243
  104.297668  103.865780  100.176713   53.708698   32.524681   31.867724
  108.720373  107.363082  102.589895   43.741334   27.751035   21.092125
  108.470154  107.066779  102.738207   43.550535   28.514865   22.117487
  107.512931  106.368957  102.071950   46.194805   28.897822   25.331032
  106.219133  105.253022  100.419787   50.463252   30.583719   29.086090
  108.720373  107.363082  102.589895   43.741334   27.751035   21.092125
  108.255344  107.175201  101.689450   46.384224   26.939256   22.946985
  107.376323  106.363986   99.996820   50.136743   27.763630   26.755818
  108.194999  107.478261  100.684192   48.837609   25.387266   22.572955
  107.663883  107.045611   99.022432   52.218710   25.330902   25.163217
  107.210765  107.210765   97.466729   55.345287   25.129079   25.129079
  108.573949  108.573949  102.603822   45.114518   21.274278   21.274278
  109.013442  108.420281  103.823218   42.107486   21.464826   20.964120
  108.555438  107.754124  104.446758   41.029550   23.347934   23.097590
  107.137377  106.661658  104.483317   43.124213   26.068877   25.744295
  105.294629  105.294629  103.436815   47.885050   28.843923   28.843923
  109.569193  108.838935  105.128912   38.604251   21.148363   18.188877
  109.508847  108.538608  105.742495   37.003065   22.392468   18.775725
  108.578625  107.776410  105.639013   38.623767   23.990861   21.805004
  107.137377  106.661658  104.483317   43.124213   26.068877   25.744295
  109.913772  108.754376  106.158491   35.350611   22.360231   16.997999
  109.508847  108.538608  105.742495   37.003065   22.392468   18.775725
  108.555438  107.754124  104.446758   41.029550   23.347934   23.097590
  109.569193  108.838935  105.128912   38.604251   21.148363   18.188877
  109.013442  108.420281  103.823218   42.107486   21.464826   20.964120
  108.573949  108.573949  102.603822   45.114518   21.274278   21.274278
  109.935329  109.935329  106.703038   34.312179   16.603251   16.603251
  110.232059  109.773347  107.557309   31.654222   16.913182   16.254789
  109.516904  109.104515  107.809789   32.161167   19.005313   18.931315
  108.016345  108.016345  107.226381   36.522956   22.192216   22.192216
  110.734721  110.115420  108.468611   28.219231   16.239719   13.380465
  110.486861  109.831577  108.614302   28.189045   17.211038   14.733725
  109.516904  109.104515  107.809789   32.161167   19.005313   18.931315
  110.734721  110.115420  108.468611   28.219231   16.239719   13.380465
  110.232059  109.773347  107.557309   31.654222   16.913182   16.254789
  109.935329  109.935329  106.703038   34.312179   16.603251   16.603251
  111.073455  111.073455  109.678092   23.099353   11.362397   11.362397
  111.130974  110.887423  110.151660   21.246362   12.049683   11.553703
  110.200882  110.200882  109.927721   24.644606   15.024472   15.024472
  111.521142  111.149475  110.603810   18.410325   10.875669    8.688872
  111.130974  110.887423  110.151660   21.246362   12.049683   11.553703
  111.073455  111.073455  109.678092   23.099353   11.362397   11.362397
  111.823142  111.823142  111.480555   11.616791    5.766069    5.766069
  111.602394  111.602394  111.545508   12.412299    7.574106    7.574106
  111.823142  111.823142  111.480555   11.616791    5.766069    5.766069
  112.084183  112.084183  112.084183    0.000000    0.000000    0.000000
