720 Out of 20250 QH, Third, Fourth Freq in rad/ps and Lifetimes in ps for a 15x15x15 Si Lattice at 5K. (atoms/UC=2)
105.47	-0.250752	-0.101719	19.7043
105.47	-0.250752	-0.101719	19.7043
85.5665	-0.190607	0.0941947	19.3763
72.3964	-0.111772	-0.29427	17.4346
29.3646	-0.0185301	-0.338167	4779.62
29.3646	-0.0185301	-0.338167	4779.62
105.517	-0.249112	-0.101198	20.6771
105.224	-0.250309	-0.0973467	18.5701
87.1767	-0.190876	0.0347315	18.0179
70.0013	-0.114548	-0.235109	19.6361
30.6557	-0.0201688	-0.328969	4275.57
29.8138	-0.0199943	-0.338539	4396.39
105.187	-0.250371	-0.0917273	21.2948
104.463	-0.248748	-0.0821893	19.3091
88.5801	-0.189154	-0.0106858	17.8075
67.1552	-0.11108	-0.186209	25.7759
34.4873	-0.0243045	-0.323906	2476.87
31.2602	-0.0237485	-0.347373	3566.19
104.341	-0.25156	-0.0731884	20.814
103.283	-0.246176	-0.0574002	19.3011
89.589	-0.194775	-0.0449574	16.5617
64.9949	-0.107488	-0.138377	28.6761
38.9123	-0.0290328	-0.346008	1359.68
33.4285	-0.0288687	-0.365235	2710.55
102.923	-0.245352	-0.0443101	24.3173
101.846	-0.242631	-0.0253703	21.4447
90.0962	-0.194156	-0.0740771	12.0016
65.1165	-0.108766	-0.0950111	35.3098
41.7286	-0.0348716	-0.391853	545.368
35.9395	-0.0344094	-0.391145	1930.86
101.091	-0.236175	-0.0035964	24.1743
100.38	-0.237015	0.00965913	22.8619
89.8934	-0.188226	-0.10309	11.7622
68.2106	-0.108567	-0.0828557	45.5639
42.0785	-0.041004	-0.427801	406.777
38.3789	-0.0395427	-0.421693	1088.33
99.3636	-0.233308	0.0414343	24.4341
99.1544	-0.231579	0.0411295	27.4122
88.5368	-0.172105	-0.12784	11.758
72.8752	-0.117519	-0.0941218	37.5826
41.452	-0.0441886	-0.450595	465.854
40.34	-0.0433127	-0.450717	699.642
98.4356	-0.231463	0.0643652	24.4122
98.4356	-0.231463	0.0643652	24.4122
85.5712	-0.163549	-0.13051	13.2201
77.5194	-0.131853	-0.108119	19.7835
41.4735	-0.0456991	-0.468445	470.738
41.4735	-0.0456991	-0.468445	470.738
105.753	-0.251759	-0.107792	22.8556
105.429	-0.252088	-0.100766	21.1047
89.1634	-0.201967	-0.00861527	12.9511
67.4202	-0.111051	-0.19306	23.8388
30.761	-0.0207888	-0.322466	4067.35
28.7496	-0.018771	-0.331378	4986.96
105.721	-0.250814	-0.105828	22.7347
105.022	-0.25125	-0.0925233	18.6878
90.7434	-0.205214	-0.0420478	16.0746
64.4667	-0.102704	-0.158355	30.5249
33.1728	-0.0236043	-0.314919	3024.96
29.4269	-0.0209077	-0.33147	4410.17
105.193	-0.254256	-0.0946965	20.0916
104.122	-0.250583	-0.0737659	20.3659
91.8337	-0.205251	-0.0674189	16.0446
62.0431	-0.100545	-0.124076	30.0807
36.6557	-0.0271023	-0.324859	1699.63
31.4503	-0.0254301	-0.341529	3293.82
104.046	-0.251651	-0.0735414	19.1977
102.881	-0.24723	-0.0462004	21.8223
92.3883	-0.204871	-0.0877617	12.0882
61.5657	-0.0983806	-0.0899323	39.7933
39.3952	-0.0316516	-0.35918	977.284
34.1264	-0.0308921	-0.362448	2326.35
102.36	-0.241038	-0.0404423	21.7506
101.49	-0.241368	-0.0130144	25.3822
92.275	-0.208263	-0.10701	10.2691
63.982	-0.0991978	-0.0763509	53.2128
40.1907	-0.0373411	-0.395241	606.095
36.9333	-0.0362884	-0.391749	1436.65
100.558	-0.234452	0.00193497	21.4602
100.174	-0.23729	0.0209512	25.4735
91.1499	-0.19856	-0.125408	9.70065
68.2744	-0.105541	-0.0833529	45.9872
40.2048	-0.0414152	-0.424962	627.122
39.2825	-0.0406626	-0.423241	869.593
99.3636	-0.230446	0.0363012	31.591
99.1544	-0.235697	0.0480723	20.0286
88.5368	-0.179065	-0.129529	11.6602
72.8752	-0.114985	-0.0941786	31.7834
41.452	-0.0441039	-0.45409	570.12
40.34	-0.0430002	-0.447167	571.542
105.973	-0.250489	-0.112241	24.2681
105.1	-0.255323	-0.0910512	21.5264
92.3595	-0.213471	-0.0680084	14.0566
61.4536	-0.0949887	-0.131475	33.0977
34.7933	-0.0251643	-0.308104	1228.19
28.2651	-0.0200707	-0.326133	4809.59
105.821	-0.254286	-0.109242	21.7989
104.65	-0.258948	-0.0797924	21.0705
93.3843	-0.210116	-0.0874751	14.0242
58.9241	-0.0948126	-0.103296	30.9949
37.3526	-0.0266937	-0.316701	872.299
29.068	-0.0222085	-0.327111	4232.03
105.102	-0.253502	-0.0970449	18.7252
103.803	-0.256802	-0.0600034	27.0427
93.7893	-0.212595	-0.100216	15.7251
58.2084	-0.094905	-0.0772643	31.9186
39.2493	-0.0294661	-0.343103	578.845
31.4402	-0.0263682	-0.337358	2937.82
103.849	-0.248832	-0.0748383	20.0555
102.701	-0.25105	-0.0345857	27.406
93.4858	-0.214105	-0.107119	12.6341
60.1981	-0.0944913	-0.0704014	36.4974
39.6762	-0.0340512	-0.369527	561.387
34.4775	-0.0314045	-0.359623	1645.81
102.36	-0.243382	-0.0419545	19.2099
101.49	-0.246141	-0.00815474	23.0204
92.275	-0.211282	-0.109721	11.5935
63.982	-0.0979855	-0.0771162	50.309
40.1907	-0.0376045	-0.396582	477.261
36.9333	-0.0361925	-0.390004	1227.93
101.091	-0.237241	-0.00601291	25.9545
100.38	-0.245247	0.0169254	19.6955
89.8934	-0.190271	-0.107123	13.2472
68.2106	-0.10829	-0.0836003	44.6652
42.0785	-0.041184	-0.430779	392.163
38.3789	-0.0392938	-0.418399	887.173
106.092	-0.255298	-0.114377	24.1621
104.743	-0.266525	-0.0779628	26.3878
94.2335	-0.211644	-0.101448	16.9645
56.4915	-0.0995819	-0.0796062	28.3208
39.0439	-0.0260913	-0.322526	650.992
27.9983	-0.0213408	-0.323261	4556.78
105.85	-0.253706	-0.110294	21.7594
104.442	-0.2666	-0.0697298	25.9849
94.3799	-0.212437	-0.10671	16.208
56.1115	-0.0978532	-0.068104	39.8324
39.7907	-0.0264865	-0.33458	604.107
28.9438	-0.0230119	-0.325543	4076.47
105.102	-0.253561	-0.0969418	19.515
103.803	-0.260456	-0.0565025	23.4393
93.7893	-0.204553	-0.102916	15.2769
58.2084	-0.0980229	-0.0789717	34.7121
39.2493	-0.029827	-0.342092	586.094
31.4402	-0.0265759	-0.337145	2862.34
104.046	-0.251123	-0.0737939	20.0396
102.881	-0.253761	-0.0395218	19.7301
92.3883	-0.199493	-0.0926266	13.5666
61.5657	-0.100397	-0.0922571	35.9782
39.3952	-0.0322952	-0.359142	574.967
34.1264	-0.0309415	-0.361038	1813.41
102.923	-0.246387	-0.0443748	21.9873
101.846	-0.251313	-0.0177267	18.1882
90.0962	-0.191925	-0.0798456	16.9519
65.1165	-0.108058	-0.0971808	32.6141
41.7286	-0.0355061	-0.393715	273.933
35.9395	-0.0343767	-0.388146	1517.69
106.092	-0.257661	-0.113885	24.3912
104.743	-0.269432	-0.0748507	24.9715
94.2335	-0.202132	-0.104065	14.6097
56.4915	-0.0978708	-0.0817574	39.0849
39.0439	-0.0261062	-0.320914	976.905
27.9983	-0.0216563	-0.32321	4449.85
105.821	-0.255553	-0.108409	22.3644
104.65	-0.265529	-0.0739315	19.7185
93.3843	-0.201152	-0.0922696	12.4206
58.9241	-0.0974945	-0.106721	39.1145
37.3526	-0.0271854	-0.314396	931.451
29.068	-0.0227436	-0.326959	4052.14
105.193	-0.254522	-0.0935926	18.9034
104.122	-0.261123	-0.066014	15.9368
91.8337	-0.193443	-0.0736974	14.483
62.0431	-0.103534	-0.127963	28.3229
36.6557	-0.0277629	-0.32327	1394.94
31.4503	-0.0258172	-0.34062	3022.21
104.341	-0.252903	-0.0714753	20.5552
103.283	-0.2572	-0.0493961	16.792
89.589	-0.185087	-0.0517952	13.3491
64.9949	-0.10964	-0.142176	23.655
38.9123	-0.0301201	-0.346561	501.876
33.4285	-0.0290309	-0.362513	2386.18
105.973	-0.255206	-0.110844	23.7318
105.1	-0.265629	-0.0833467	18.3674
92.3595	-0.196482	-0.0742892	15.268
61.4536	-0.09865	-0.13587	35.1141
34.7933	-0.0253679	-0.305251	1572.55
28.2651	-0.0208968	-0.326	4460.75
105.721	-0.25557	-0.103828	22.5874
105.022	-0.261268	-0.0838083	15.5627
90.7434	-0.19029	-0.0492509	15.5839
64.4667	-0.105111	-0.163182	26.0938
33.1728	-0.0240895	-0.312325	2551.46
29.4269	-0.0217187	-0.331049	4120.24
105.187	-0.255244	-0.0886583	19.022
104.463	-0.259417	-0.0738948	14.0517
88.5801	-0.174375	-0.0182087	16.002
67.1552	-0.110727	-0.19108	23.7772
34.4873	-0.0254486	-0.323631	1345.89
31.2602	-0.0241292	-0.344873	3341.91
105.753	-0.254154	-0.105723	21.1337
105.429	-0.266386	-0.0908612	15.1692
89.1634	-0.180664	-0.0163818	15.9467
67.4202	-0.110109	-0.198362	22.0441
30.761	-0.0212391	-0.319463	3785.22
28.7496	-0.0198352	-0.331212	4424.35
105.517	-0.255925	-0.0971842	19.4716
105.224	-0.261154	-0.0888679	14.9346
87.1767	-0.170051	0.0267646	18.3276
70.0013	-0.112917	-0.240538	19.5991
30.6557	-0.0212199	-0.328255	3539.87
29.8138	-0.0205522	-0.336183	4187.13
105.47	-0.256705	-0.0972781	18.005
105.47	-0.261008	-0.0931821	14.4567
85.5665	-0.162926	0.0860136	25.6366
72.3964	-0.11304	-0.299872	20.8116
29.3646	-0.0194685	-0.337301	4346.06
29.3646	-0.0192107	-0.335865	4307.59
106.098	-0.252479	-0.116422	20.6629
106.098	-0.252479	-0.116422	20.6629
91.4888	-0.230008	-0.0413253	14.6914
64.7507	-0.102342	-0.162664	27.0128
27.9046	-0.0177767	-0.317441	5391.61
27.9046	-0.0177767	-0.317441	5391.61
106.417	-0.257382	-0.122012	21.2359
105.901	-0.255545	-0.114096	20.6748
93.3052	-0.222397	-0.0676469	16.3005
61.7077	-0.0936786	-0.137586	32.1104
28.4916	-0.0186227	-0.303347	5115.67
28.2014	-0.0193858	-0.311668	4909.81
106.179	-0.256376	-0.117168	20.6769
105.186	-0.250299	-0.10095	18.4827
94.5915	-0.221213	-0.0880011	15.6229
59.0087	-0.0935193	-0.114274	35.7226
31.6177	-0.0219329	-0.296618	3425.77
29.5807	-0.0231335	-0.316165	3939.66
105.226	-0.259149	-0.101054	15.7732
104.044	-0.251023	-0.0779666	23.1147
95.3584	-0.223534	-0.104	13.6819
57.8888	-0.0882199	-0.0888191	36.7072
35.0958	-0.0265361	-0.316987	2354.47
31.7656	-0.0280595	-0.332118	2943.88
103.551	-0.247748	-0.0701461	17.6801
102.631	-0.24493	-0.0472929	24.0295
95.5495	-0.2253	-0.12037	11.4345
59.5991	-0.0871157	-0.0729384	52.7181
37.064	-0.0328348	-0.354018	1395.33
34.3575	-0.0332595	-0.358522	2072.82
101.489	-0.241591	-0.0200968	20.0963
101.168	-0.239125	-0.0128104	24.6831
94.8677	-0.223181	-0.143356	8.34895
63.6788	-0.0909696	-0.0763354	65.0626
37.8474	-0.0379939	-0.38933	819.356
36.9222	-0.0379202	-0.391683	1515.94
99.9213	-0.239302	0.0228061	22.0937
99.9213	-0.239302	0.0228061	22.0937
92.5962	-0.196978	-0.153326	8.44079
68.4975	-0.0979997	-0.0870042	41.838
39.0379	-0.0414181	-0.423459	897.485
39.0379	-0.0414181	-0.423459	897.485
106.838	-0.257439	-0.131934	19.7925
106.262	-0.255934	-0.121264	20.4767
95.2582	-0.233707	-0.0897441	14.7552
58.5808	-0.0873383	-0.117856	31.6269
28.679	-0.0196926	-0.29065	4629.84
26.1919	-0.0171288	-0.29989	5940.11
106.914	-0.258772	-0.133589	20.9941
105.927	-0.260719	-0.115012	22.5556
96.6084	-0.233663	-0.107353	15.2646
55.6945	-0.0891352	-0.0993561	36.8744
30.6066	-0.0218879	-0.282106	3389.03
26.6446	-0.0189237	-0.295256	5313.7
106.325	-0.257418	-0.124803	17.2823
105.083	-0.259378	-0.0979016	22.0045
97.384	-0.234884	-0.120056	18.0701
54.1597	-0.0848985	-0.0796276	43.9565
33.2263	-0.0248754	-0.293194	2340.67
28.767	-0.0233045	-0.302285	3897.48
104.989	-0.253744	-0.103606	14.3324
103.883	-0.255405	-0.0717159	24.3101
97.5526	-0.237919	-0.12981	12.8856
55.2843	-0.0824884	-0.0661829	51.1461
35.0308	-0.029572	-0.322168	1478.35
31.6397	-0.0286237	-0.323104	2410.11
103.139	-0.247044	-0.0668105	19.8393
102.509	-0.2491	-0.0392019	22.9301
96.8998	-0.235213	-0.141099	9.42189
58.9539	-0.0822355	-0.0681476	54.9761
36.0257	-0.0344448	-0.355594	1444.34
34.6001	-0.0337147	-0.354276	1771.92
101.489	-0.242223	-0.0239191	21.9519
101.168	-0.245545	-0.00556612	18.9648
94.8677	-0.217993	-0.146381	13.1201
63.6788	-0.0897691	-0.0767735	54.5936
37.8474	-0.0382296	-0.39232	1222.52
36.9222	-0.0376655	-0.38847	1274.41
107.33	-0.257721	-0.141816	22.1985
106.088	-0.267472	-0.116032	22.2351
97.9137	-0.236022	-0.123473	20.1683
52.6564	-0.0846749	-0.0827354	52.8956
31.9429	-0.0225848	-0.272051	2883.15
24.9953	-0.0175373	-0.288347	5981.72
107.177	-0.259101	-0.140099	19.6837
105.72	-0.269933	-0.106814	23.457
98.5426	-0.235581	-0.133671	16.172
50.9996	-0.0815214	-0.0663716	56.2607
33.68	-0.0236222	-0.279696	2358.57
25.7526	-0.0193911	-0.28764	5281.34
106.343	-0.257729	-0.127976	17.8694
104.95	-0.26579	-0.089566	21.587
98.4659	-0.234772	-0.136573	14.018
51.9658	-0.080056	-0.0608395	71.8708
34.5381	-0.0263928	-0.298359	1399.04
28.3319	-0.0235262	-0.297705	3940.47
104.989	-0.254715	-0.104194	16.9848
103.883	-0.259448	-0.0668291	18.869
97.5526	-0.227055	-0.133391	13.0852
55.2843	-0.0834705	-0.0673135	57.4103
35.0308	-0.0298918	-0.322216	1179.36
31.6397	-0.0286232	-0.322308	2286.33
103.551	-0.253378	-0.0708987	18.5317
102.631	-0.252846	-0.0396664	16.967
95.5495	-0.223308	-0.126101	11.6232
59.5991	-0.0898335	-0.074377	50.8547
37.064	-0.0335098	-0.356146	750.913
34.3575	-0.0330817	-0.355593	1475.39
107.502	-0.258089	-0.14492	22.7771
105.926	-0.275366	-0.10821	21.673
98.9196	-0.228142	-0.140098	14.7397
49.6497	-0.0827574	-0.0588995	84.0804
34.1979	-0.022521	-0.276628	2144.15
24.5642	-0.0180714	-0.28427	5817.9
107.177	-0.259433	-0.139733	19.581
105.72	-0.2733	-0.103084	20.184
98.5426	-0.222929	-0.136905	12.4943
50.9996	-0.0810145	-0.0681874	64.4182
33.68	-0.0237642	-0.278381	1754.74
25.7526	-0.0196984	-0.287529	5097.33
106.325	-0.260416	-0.124346	18.1235
105.083	-0.265325	-0.090924	17.0442
97.384	-0.220661	-0.125898	13.2458
54.1597	-0.083735	-0.0823384	51.0917
33.2263	-0.0254084	-0.291847	1720.18
28.767	-0.023678	-0.301711	3667.72
105.226	-0.257632	-0.0998498	17.0449
104.044	-0.260593	-0.0699803	15.941
95.3584	-0.207078	-0.111142	12.547
57.8888	-0.0923747	-0.0917153	45.6654
35.0958	-0.0276419	-0.317858	760.344
31.7656	-0.0281191	-0.32946	2614.73
107.33	-0.257797	-0.140923	20.8192
106.088	-0.274321	-0.109567	17.5075
97.9137	-0.22068	-0.129097	14.2582
52.6564	-0.0825079	-0.0859355	63.4682
31.9429	-0.0229031	-0.269787	2459.86
24.9953	-0.0181753	-0.288167	5552.81
106.914	-0.258293	-0.132246	20.012
105.927	-0.268167	-0.106679	15.0023
96.6084	-0.218515	-0.114555	13.4396
55.6945	-0.0857657	-0.103231	44.1169
30.6066	-0.0223445	-0.279705	2770.69
26.6446	-0.0197009	-0.294928	4615.78
106.179	-0.260232	-0.114574	19.5117
105.186	-0.259959	-0.0926788	14.3633
94.5915	-0.205202	-0.0959092	12.0554
59.0087	-0.0932571	-0.118364	38.5087
31.6177	-0.023135	-0.296482	1715.24
29.5807	-0.0234371	-0.313728	3222.73
106.838	-0.257114	-0.130282	19.0728
106.262	-0.267018	-0.111667	14.4208
95.2582	-0.206791	-0.0977657	11.1962
58.5808	-0.0886589	-0.122364	34.5587
28.679	-0.0201686	-0.287881	3859.91
26.1919	-0.018141	-0.299625	4254.32
106.417	-0.25995	-0.118375	18.2385
105.901	-0.265696	-0.10565	13.4523
93.3052	-0.195049	-0.0760021	13.2499
61.7077	-0.0924769	-0.142383	31.9716
28.4916	-0.0197559	-0.302653	2335.06
28.2014	-0.0199018	-0.30938	3759.35
106.098	-0.25901	-0.112156	19.7853
106.098	-0.264919	-0.107931	16.6757
91.4888	-0.193731	-0.0498502	16.0007
64.7507	-0.10306	-0.167833	19.9508
27.9046	-0.0187662	-0.31655	3206.09
27.9046	-0.0184706	-0.31522	3502.16
107.211	-0.259968	-0.141633	22.3624
107.211	-0.259968	-0.141633	22.3624
97.4667	-0.249978	-0.108852	19.6796
55.3453	-0.0847999	-0.102226	43.3533
25.1291	-0.016336	-0.279905	6388.41
25.1291	-0.016336	-0.279905	6388.41
107.664	-0.262749	-0.150307	22.4594
107.046	-0.263395	-0.140561	22.936
99.0224	-0.252048	-0.124669	23.6288
52.2187	-0.0790713	-0.0881412	68.0326
25.3309	-0.0179946	-0.2694	5767.27
25.1632	-0.0165269	-0.263898	6277.43
107.376	-0.271353	-0.147141	17.0973
106.364	-0.264031	-0.128768	21.8998
99.9968	-0.252234	-0.136058	23.0887
50.1367	-0.075988	-0.0741475	63.9572
27.7636	-0.0195039	-0.258811	4489.58
26.7558	-0.0216075	-0.271754	4308.83
106.219	-0.266153	-0.130393	14.3222
105.253	-0.257927	-0.107153	23.7052
100.42	-0.258148	-0.144493	16.0952
50.4633	-0.0719022	-0.0613865	77.0225
30.5837	-0.0245457	-0.279425	2720.88
29.0861	-0.0261866	-0.288321	3422.75
104.298	-0.253893	-0.0917857	17.1984
103.866	-0.251915	-0.0777489	25.0335
100.177	-0.262903	-0.158966	9.58602
53.7087	-0.0725805	-0.0598767	76.1804
32.5247	-0.0303461	-0.313533	2032.64
31.8677	-0.0308724	-0.3173	2622.03
102.417	-0.246149	-0.0406473	20.88
102.417	-0.246149	-0.0406473	20.88
98.5578	-0.243413	-0.175515	11.435
58.5851	-0.0755501	-0.0677511	63.3874
34.6271	-0.0347375	-0.352567	1579.64
34.6271	-0.0347375	-0.352567	1579.64
108.195	-0.265163	-0.161396	23.2995
107.478	-0.271103	-0.149366	20.1793
100.684	-0.257493	-0.139858	25.5497
48.8376	-0.0715571	-0.0759723	132.337
25.3873	-0.0178204	-0.245767	5207.94
22.573	-0.01487	-0.256411	7462.44
108.255	-0.268709	-0.16381	21.8542
107.175	-0.271169	-0.14392	21.5684
101.689	-0.261636	-0.151055	22.0217
46.3842	-0.0673571	-0.0641665	152.566
26.9393	-0.0196033	-0.238532	3557.07
22.947	-0.0163858	-0.250079	6727.62
107.513	-0.266523	-0.154717	18.1608
106.369	-0.267719	-0.127522	22.26
102.072	-0.25933	-0.157361	15.5155
46.1948	-0.065769	-0.0542706	128.672
28.8978	-0.0226733	-0.251962	2795.3
25.331	-0.0206787	-0.256973	3854.12
106.005	-0.259764	-0.131126	14.9435
105.215	-0.263514	-0.101913	20.2683
101.725	-0.256031	-0.161637	12.3355
48.9966	-0.0664588	-0.0537169	127.164
30.4332	-0.0269741	-0.279646	2151.18
28.5982	-0.0258471	-0.280242	2645.42
104.298	-0.257512	-0.0940439	19.2104
103.866	-0.256458	-0.0701907	17.7531
100.177	-0.245551	-0.16376	10.5309
53.7087	-0.0725486	-0.0605784	83.2199
32.5247	-0.0308602	-0.315878	2115.07
31.8677	-0.0305694	-0.314535	2286.75
108.72	-0.263072	-0.171483	22.6707
107.363	-0.278966	-0.145524	19.3421
102.59	-0.256011	-0.162523	16.8397
43.7413	-0.0632466	-0.0534534	222.782
27.751	-0.0194755	-0.22756	3943.81
21.0921	-0.014614	-0.243969	7842.28
108.47	-0.265772	-0.168622	23.7913
107.067	-0.278235	-0.137639	20.3657
102.738	-0.248682	-0.166455	12.2865
43.5505	-0.0639783	-0.0493186	152.575
28.5149	-0.0204649	-0.233277	3576.47
22.1175	-0.0164598	-0.244205	6753.74
107.513	-0.258878	-0.154751	19.9736
106.369	-0.270382	-0.122362	18.2764
102.072	-0.249454	-0.161793	11.2049
46.1948	-0.0657146	-0.0556237	172.343
28.8978	-0.022861	-0.251199	1886.22
25.331	-0.0208843	-0.256702	4444.74
106.219	-0.26317	-0.12983	17.0265
105.253	-0.26026	-0.0992316	17.4291
100.42	-0.239041	-0.151764	12.6122
50.4633	-0.0720662	-0.0632727	77.4549
30.5837	-0.0254063	-0.280678	1386.31
29.0861	-0.0260684	-0.285817	2837.59
108.72	-0.259913	-0.171081	23.8671
107.363	-0.280246	-0.14117	17.8704
102.59	-0.249189	-0.166525	13.2653
43.7413	-0.0631942	-0.0551512	145.638
27.751	-0.0195738	-0.226278	3558.99
21.0921	-0.0149446	-0.243826	7532.94
108.255	-0.259658	-0.163074	20.6164
107.175	-0.273341	-0.136357	15.2648
101.689	-0.245368	-0.157902	11.0256
46.3842	-0.0668613	-0.0668978	135.545
26.9393	-0.0198635	-0.23665	3521.31
22.947	-0.0169619	-0.249817	5906.55
107.376	-0.263064	-0.145059	18.8051
106.364	-0.265044	-0.120563	14.8792
99.9968	-0.233654	-0.144358	11.2015
50.1367	-0.0730416	-0.0772802	62.1513
27.7636	-0.0205238	-0.258918	1932.25
26.7558	-0.0217696	-0.269468	3215.73
108.195	-0.256352	-0.160245	17.9743
107.478	-0.270896	-0.14015	13.5406
100.684	-0.227065	-0.148064	11.7035
48.8376	-0.0711614	-0.0795195	84.2094
25.3873	-0.0181276	-0.243402	4235.75
22.573	-0.0156952	-0.256076	4890.39
107.664	-0.26144	-0.14712	15.8108
107.046	-0.267904	-0.132186	13.891
99.0224	-0.22683	-0.13352	14.4337
52.2187	-0.075724	-0.0920872	62.3902
25.3309	-0.0183886	-0.267269	3695.79
25.1632	-0.0174841	-0.263279	2449.4
107.211	-0.259013	-0.137671	16.4238
107.211	-0.264003	-0.133221	14.2516
97.4667	-0.226626	-0.117953	13.2552
55.3453	-0.0843207	-0.106632	37.9258
25.1291	-0.017157	-0.278996	3767.36
25.1291	-0.0168346	-0.277853	3690.34
108.574	-0.270064	-0.171229	22.4959
108.574	-0.270064	-0.171229	22.4959
102.604	-0.268443	-0.153865	30.8265
45.1145	-0.0618488	-0.0660591	249.075
21.2743	-0.0141888	-0.231154	8073.22
21.2743	-0.0141888	-0.231154	8073.22
109.013	-0.27228	-0.179981	17.6805
108.42	-0.272491	-0.170485	20.4881
103.823	-0.276331	-0.164687	27.0894
42.1075	-0.0565582	-0.0569553	278.074
21.4648	-0.0158439	-0.217793	7213.62
20.9641	-0.0139818	-0.215791	8211.79
108.555	-0.270146	-0.175793	16.023
107.754	-0.270842	-0.159195	21.6956
104.447	-0.281435	-0.170859	15.6222
41.0296	-0.0544282	-0.0486918	337.601
23.3479	-0.017242	-0.214842	5871.65
23.0976	-0.0192557	-0.221127	5612.91
107.137	-0.265598	-0.153894	14.7813
106.662	-0.264704	-0.13827	24.7753
104.483	-0.27439	-0.176977	10.5756
43.1242	-0.054952	-0.0451285	243.469
26.0689	-0.0225158	-0.238037	3790.41
25.7443	-0.0234199	-0.241739	4252.75
105.295	-0.260278	-0.106019	23.8275
105.295	-0.260278	-0.106019	23.8275
103.437	-0.27178	-0.1959	9.8726
47.885	-0.0603549	-0.0506519	188.025
28.8439	-0.0273266	-0.274587	2914.6
28.8439	-0.0273266	-0.274587	2914.6
109.569	-0.272299	-0.190301	19.2775
108.839	-0.276875	-0.178862	17.8984
105.129	-0.282007	-0.17628	20.4046
38.6043	-0.0507313	-0.0485508	457.28
21.1484	-0.0152921	-0.193652	7589.24
18.1889	-0.012054	-0.206194	10184.2
109.509	-0.272338	-0.191207	21.2606
108.539	-0.277667	-0.172888	20.756
105.742	-0.275903	-0.183427	14.1565
37.0031	-0.04871	-0.0416611	417.796
22.3925	-0.0168564	-0.189922	5414.03
18.7757	-0.0136054	-0.20088	8975.61
108.579	-0.265149	-0.179841	18.7192
107.776	-0.274479	-0.155931	21.6731
105.639	-0.272521	-0.185498	12.2404
38.6238	-0.0499347	-0.040451	295.787
23.9909	-0.019814	-0.207322	4195.07
21.805	-0.0181667	-0.211176	5525.19
107.137	-0.267674	-0.154548	18.0999
106.662	-0.267565	-0.130444	19.819
104.483	-0.261334	-0.183645	11.0195
43.1242	-0.0548554	-0.0460209	242.763
26.0689	-0.023074	-0.239668	3348.46
25.7443	-0.0231727	-0.239486	3977.12
109.914	-0.271131	-0.196546	24.3942
108.754	-0.283703	-0.173948	21.482
106.158	-0.271611	-0.191043	15.195
35.3506	-0.0469525	-0.0379295	506.585
22.3602	-0.0161535	-0.179698	6297.31
16.998	-0.0115951	-0.197501	10850
109.509	-0.264484	-0.190975	24.078
108.539	-0.278332	-0.167127	19.3194
105.742	-0.264602	-0.188819	11.8613
37.0031	-0.0490342	-0.043086	375.363
22.3925	-0.0169367	-0.188855	4956.7
18.7757	-0.0138908	-0.200733	8594.17
108.555	-0.265255	-0.174268	19.1555
107.754	-0.269267	-0.151081	17.4863
104.447	-0.259288	-0.179387	12.438
41.0296	-0.0543778	-0.050791	318.088
23.3479	-0.0179455	-0.215301	3717.53
23.0976	-0.019247	-0.219087	4519.48
109.569	-0.262553	-0.189638	21.1107
108.839	-0.278243	-0.170276	15.7431
105.129	-0.260822	-0.184323	13.6546
38.6043	-0.0517445	-0.0510486	278.209
21.1484	-0.0154101	-0.191863	6936.07
18.1889	-0.0126173	-0.205868	9177.09
109.013	-0.265781	-0.17726	18.3685
108.42	-0.26923	-0.1622	16.6684
103.823	-0.258036	-0.173968	13.5434
42.1075	-0.0567432	-0.0599806	229.495
21.4648	-0.0160535	-0.215912	5992.28
20.9641	-0.0146708	-0.215335	4510.28
108.574	-0.263865	-0.16763	17.1531
108.574	-0.267497	-0.162909	14.9543
102.604	-0.246684	-0.163528	14.9187
45.1145	-0.06153	-0.0696153	104.292
21.2743	-0.0148991	-0.230276	6576.4
21.2743	-0.0145727	-0.229364	6773.05
109.935	-0.281315	-0.199509	17.4804
109.935	-0.281315	-0.199509	17.4804
106.703	-0.292701	-0.187025	25.6088
34.3122	-0.0429082	-0.0415556	1049.2
16.6033	-0.011371	-0.176154	11167.6
16.6033	-0.011371	-0.176154	11167.6
110.232	-0.276471	-0.206012	18.402
109.773	-0.275438	-0.198305	18.6624
107.557	-0.294893	-0.194135	16.7507
31.6542	-0.0395581	-0.0356843	880.135
16.9132	-0.0130317	-0.162331	9921.84
16.2548	-0.0111968	-0.163052	11701.2
109.517	-0.265993	-0.198124	17.4848
109.105	-0.27238	-0.186765	23.5034
107.81	-0.287277	-0.196935	12.255
32.1612	-0.0395629	-0.0321782	1120.77
19.0053	-0.0162987	-0.171148	7519.05
18.9313	-0.0152039	-0.16897	7496.95
108.016	-0.269777	-0.162022	23.0374
108.016	-0.269777	-0.162022	23.0374
107.226	-0.280458	-0.213297	8.7763
36.523	-0.0445529	-0.0357037	463.516
22.1922	-0.0199013	-0.199102	4234.53
22.1922	-0.0199013	-0.199102	4234.53
110.735	-0.276601	-0.2142	22.0991
110.115	-0.278655	-0.204444	22.7565
108.469	-0.285793	-0.203159	15.4979
28.2192	-0.0349898	-0.0298349	1196.68
16.2397	-0.012212	-0.139456	10863.1
13.3805	-0.00884832	-0.153272	15672.3
110.487	-0.268935	-0.212147	21.5911
109.832	-0.278591	-0.196304	21.7049
108.614	-0.282226	-0.207531	14.0692
28.189	-0.0350512	-0.0284026	1012.53
17.211	-0.0135793	-0.142532	8002.71
14.7337	-0.0110299	-0.151441	12248.5
109.517	-0.270977	-0.197454	18.9221
109.105	-0.274053	-0.17875	19.6848
107.81	-0.271802	-0.205192	14.0326
32.1612	-0.0397765	-0.0332033	1137.79
19.0053	-0.0161278	-0.169447	5940.87
18.9313	-0.0156446	-0.169864	6903.02
110.735	-0.265686	-0.213939	23.0743
110.115	-0.279434	-0.197455	19.731
108.469	-0.269515	-0.209945	16.9997
28.2192	-0.0354072	-0.0311767	683.193
16.2397	-0.0122102	-0.138436	10537.5
13.3805	-0.00910568	-0.153059	14991.1
110.232	-0.268793	-0.203758	21.5659
109.773	-0.272772	-0.190112	18.4808
107.557	-0.271467	-0.203685	15.2879
31.6542	-0.0400191	-0.0377549	699.402
16.9132	-0.0130759	-0.160792	8167.76
16.2548	-0.0116603	-0.162864	8295.41
109.935	-0.265795	-0.196265	21.2377
109.935	-0.271923	-0.191278	18.9336
106.703	-0.269211	-0.197164	15.7331
34.3122	-0.0435785	-0.0442309	598.337
16.6033	-0.0118452	-0.175386	5739.79
16.6033	-0.0115512	-0.174717	6870.42
111.073	-0.27747	-0.222277	20.168
111.073	-0.27747	-0.222277	20.168
109.678	-0.300889	-0.210634	19.3051
23.0994	-0.0277962	-0.0241015	3289.74
11.3624	-0.00797372	-0.118253	17853.8
11.3624	-0.00797372	-0.118253	17853.8
111.131	-0.268994	-0.224858	21.1904
110.887	-0.275287	-0.220056	22.5799
110.152	-0.289489	-0.21447	15.314
21.2464	-0.0254745	-0.0207868	3483.21
12.0497	-0.00975462	-0.10794	15113.8
11.5537	-0.00857186	-0.108888	17309.6
110.201	-0.276241	-0.203751	24.8994
110.201	-0.276241	-0.203751	24.8994
109.928	-0.281001	-0.226615	11.609
24.6446	-0.0291874	-0.0226347	1890.18
15.0245	-0.0128874	-0.128828	10515.7
15.0245	-0.0128874	-0.128828	10515.7
111.521	-0.269843	-0.230226	21.0065
111.149	-0.278766	-0.221018	21.1214
110.604	-0.287932	-0.222832	14.2318
18.4103	-0.0222647	-0.0177728	3323.54
10.8757	-0.00855611	-0.0889556	17834
8.68887	-0.00570545	-0.101232	27453.7
111.131	-0.270566	-0.223192	22.8226
110.887	-0.276788	-0.211943	24.2613
110.152	-0.27408	-0.223942	17.1017
21.2464	-0.025587	-0.0218604	3783.58
12.0497	-0.00965944	-0.106822	15086.6
11.5537	-0.00883725	-0.109078	16572.7
111.073	-0.277208	-0.214117	21.2823
111.073	-0.271229	-0.219324	21.9275
109.678	-0.27627	-0.221134	17.5168
23.0994	-0.028141	-0.0258863	1672.6
11.3624	-0.00801796	-0.117247	13812.2
11.3624	-0.00822943	-0.117681	14207.8
111.823	-0.269881	-0.236877	23.2698
111.823	-0.269881	-0.236877	23.2698
111.481	-0.289082	-0.224937	19.8833
11.6168	-0.0137963	-0.0109909	11458.4
5.76607	-0.00412536	-0.0592723	41701.7
5.76607	-0.00412536	-0.0592723	41701.7
111.602	-0.275545	-0.229271	21.9673
111.602	-0.275545	-0.229271	21.9673
111.546	-0.27806	-0.234985	17.5967
12.4123	-0.0146446	-0.0109507	10481.1
7.57411	-0.00632436	-0.0631392	26140.8
7.57411	-0.00632436	-0.0631392	26140.8
111.823	-0.275986	-0.234112	22.4055
111.823	-0.28312	-0.228763	22.2658
111.481	-0.276694	-0.23566	21.0394
11.6168	-0.013805	-0.0118833	11298.8
5.76607	-0.00409967	-0.0587541	41997.8
5.76607	-0.00421317	-0.0589666	40611.4
112.084	-0.274866	-0.237842	19.7413
112.084	-0.274866	-0.237842	19.7413
112.084	-0.274866	-0.237842	19.7413
0	0	0	0
0	0	0	0
0	0	0	0
