Initial Guess from Harmonic Frequencies
105.47	0.0	0.527351	0.948135
105.47	0.0	0.527351	0.948135
85.5665	0.0	0.427832	1.16868
72.3964	0.0	0.361982	1.38128
29.3646	0.0	0.146823	3.40546
29.3646	0.0	0.146823	3.40546
105.517	0.0	0.527585	0.947715
105.224	0.0	0.526122	0.95035
87.1767	0.0	0.435884	1.1471
70.0013	0.0	0.350007	1.42854
30.6557	0.0	0.153279	3.26203
29.8137	0.0	0.149069	3.35416
105.187	0.0	0.525934	0.95069
104.463	0.0	0.522317	0.957274
88.5801	0.0	0.4429	1.12892
67.1552	0.0	0.335776	1.48909
34.4873	0.0	0.172436	2.89962
31.2602	0.0	0.156301	3.19895
104.341	0.0	0.521705	0.958396
103.283	0.0	0.516414	0.968215
89.589	0.0	0.447945	1.11621
64.9949	0.0	0.324974	1.53858
38.9123	0.0	0.194561	2.56988
33.4285	0.0	0.167143	2.99146
102.923	0.0	0.514615	0.9716
101.846	0.0	0.50923	0.981874
90.0962	0.0	0.450481	1.10992
65.1165	0.0	0.325583	1.53571
41.7286	0.0	0.208643	2.39644
35.9395	0.0	0.179698	2.78245
101.091	0.0	0.505454	0.989209
100.38	0.0	0.501898	0.996219
89.8934	0.0	0.449467	1.11243
68.2106	0.0	0.341053	1.46605
42.0785	0.0	0.210392	2.37651
38.3789	0.0	0.191894	2.6056
99.3636	0.0	0.496818	1.0064
99.1544	0.0	0.495772	1.00853
88.5368	0.0	0.442684	1.12947
72.8752	0.0	0.364376	1.37221
41.452	0.0	0.20726	2.41243
40.34	0.0	0.2017	2.47893
98.4356	0.0	0.492178	1.01589
98.4356	0.0	0.492178	1.01589
85.5712	0.0	0.427856	1.16862
77.5194	0.0	0.387597	1.29
41.4735	0.0	0.207368	2.41118
41.4735	0.0	0.207368	2.41118
105.753	0.0	0.528767	0.945595
105.429	0.0	0.527146	0.948504
89.1634	0.0	0.445817	1.12154
67.4202	0.0	0.337101	1.48324
30.761	0.0	0.153805	3.25087
28.7496	0.0	0.143748	3.47831
105.721	0.0	0.528603	0.945889
105.022	0.0	0.525112	0.952179
90.7434	0.0	0.453717	1.10201
64.4667	0.0	0.322333	1.55119
33.1728	0.0	0.165864	3.01452
29.4269	0.0	0.147134	3.39826
105.193	0.0	0.525966	0.950632
104.122	0.0	0.520612	0.960409
91.8337	0.0	0.459169	1.08892
62.0431	0.0	0.310216	1.61178
36.6557	0.0	0.183278	2.72809
31.4503	0.0	0.157251	3.17962
104.046	0.0	0.520229	0.961115
102.881	0.0	0.514406	0.971994
92.3883	0.0	0.461942	1.08239
61.5657	0.0	0.307829	1.62428
39.3952	0.0	0.196976	2.53838
34.1264	0.0	0.170632	2.93028
102.36	0.0	0.511798	0.976949
101.49	0.0	0.507449	0.98532
92.275	0.0	0.461375	1.08372
63.982	0.0	0.31991	1.56294
40.1907	0.0	0.200953	2.48814
36.9333	0.0	0.184666	2.70759
100.558	0.0	0.50279	0.994451
100.174	0.0	0.50087	0.998263
91.1499	0.0	0.45575	1.09709
68.2744	0.0	0.341372	1.46468
40.2048	0.0	0.201024	2.48726
39.2825	0.0	0.196412	2.54566
99.3636	0.0	0.496818	1.0064
99.1544	0.0	0.495772	1.00853
88.5368	0.0	0.442684	1.12947
72.8752	0.0	0.364376	1.37221
41.452	0.0	0.20726	2.41243
40.34	0.0	0.2017	2.47893
105.973	0.0	0.529865	0.943637
105.1	0.0	0.5255	0.951475
92.3595	0.0	0.461798	1.08273
61.4536	0.0	0.307268	1.62724
34.7933	0.0	0.173967	2.87411
28.2651	0.0	0.141325	3.53794
105.821	0.0	0.529105	0.944991
104.65	0.0	0.523252	0.955562
93.3843	0.0	0.466922	1.07084
58.9241	0.0	0.29462	1.6971
37.3526	0.0	0.186763	2.67719
29.068	0.0	0.14534	3.44021
105.102	0.0	0.525511	0.951455
103.803	0.0	0.519014	0.963365
93.7893	0.0	0.468946	1.06622
58.2084	0.0	0.291042	1.71797
39.2493	0.0	0.196246	2.54782
31.4402	0.0	0.157201	3.18064
103.849	0.0	0.519243	0.96294
102.701	0.0	0.513504	0.973702
93.4858	0.0	0.467429	1.06968
60.1981	0.0	0.30099	1.66118
39.6762	0.0	0.198381	2.5204
34.4775	0.0	0.172388	2.90044
102.36	0.0	0.511798	0.976949
101.49	0.0	0.507449	0.98532
92.275	0.0	0.461375	1.08372
63.982	0.0	0.31991	1.56294
40.1907	0.0	0.200953	2.48814
36.9333	0.0	0.184666	2.70759
101.091	0.0	0.505454	0.989209
100.38	0.0	0.501898	0.996219
89.8934	0.0	0.449467	1.11243
68.2106	0.0	0.341053	1.46605
42.0785	0.0	0.210392	2.37651
38.3789	0.0	0.191894	2.6056
106.092	0.0	0.530461	0.942576
104.743	0.0	0.523717	0.954714
94.2335	0.0	0.471167	1.06119
56.4915	0.0	0.282458	1.77018
39.0439	0.0	0.195219	2.56122
27.9983	0.0	0.139991	3.57165
105.85	0.0	0.529251	0.944731
104.442	0.0	0.52221	0.957469
94.3799	0.0	0.4719	1.05955
56.1115	0.0	0.280558	1.78217
39.7907	0.0	0.198953	2.51315
28.9438	0.0	0.144719	3.45497
105.102	0.0	0.525511	0.951455
103.803	0.0	0.519014	0.963365
93.7893	0.0	0.468946	1.06622
58.2084	0.0	0.291042	1.71797
39.2493	0.0	0.196246	2.54782
31.4402	0.0	0.157201	3.18064
104.046	0.0	0.520229	0.961115
102.881	0.0	0.514406	0.971994
92.3883	0.0	0.461942	1.08239
61.5657	0.0	0.307829	1.62428
39.3952	0.0	0.196976	2.53838
34.1264	0.0	0.170632	2.93028
102.923	0.0	0.514615	0.9716
101.846	0.0	0.50923	0.981874
90.0962	0.0	0.450481	1.10992
65.1165	0.0	0.325583	1.53571
41.7286	0.0	0.208643	2.39644
35.9395	0.0	0.179698	2.78245
106.092	0.0	0.530461	0.942576
104.743	0.0	0.523717	0.954714
94.2335	0.0	0.471167	1.06119
56.4915	0.0	0.282458	1.77018
39.0439	0.0	0.195219	2.56122
27.9983	0.0	0.139991	3.57165
105.821	0.0	0.529105	0.944991
104.65	0.0	0.523252	0.955562
93.3843	0.0	0.466922	1.07084
58.9241	0.0	0.29462	1.6971
37.3526	0.0	0.186763	2.67719
29.068	0.0	0.14534	3.44021
105.193	0.0	0.525966	0.950632
104.122	0.0	0.520612	0.960409
91.8337	0.0	0.459169	1.08892
62.0431	0.0	0.310216	1.61178
36.6557	0.0	0.183278	2.72809
31.4503	0.0	0.157251	3.17962
104.341	0.0	0.521705	0.958396
103.283	0.0	0.516414	0.968215
89.589	0.0	0.447945	1.11621
64.9949	0.0	0.324974	1.53858
38.9123	0.0	0.194561	2.56988
33.4285	0.0	0.167143	2.99146
105.973	0.0	0.529865	0.943637
105.1	0.0	0.5255	0.951475
92.3595	0.0	0.461798	1.08273
61.4536	0.0	0.307268	1.62724
34.7933	0.0	0.173967	2.87411
28.2651	0.0	0.141325	3.53794
105.721	0.0	0.528603	0.945889
105.022	0.0	0.525112	0.952179
90.7434	0.0	0.453717	1.10201
64.4667	0.0	0.322333	1.55119
33.1728	0.0	0.165864	3.01452
29.4269	0.0	0.147134	3.39826
105.187	0.0	0.525934	0.95069
104.463	0.0	0.522317	0.957274
88.5801	0.0	0.4429	1.12892
67.1552	0.0	0.335776	1.48909
34.4873	0.0	0.172436	2.89962
31.2602	0.0	0.156301	3.19895
105.753	0.0	0.528767	0.945595
105.429	0.0	0.527146	0.948504
89.1634	0.0	0.445817	1.12154
67.4202	0.0	0.337101	1.48324
30.761	0.0	0.153805	3.25087
28.7496	0.0	0.143748	3.47831
105.517	0.0	0.527585	0.947715
105.224	0.0	0.526122	0.95035
87.1767	0.0	0.435884	1.1471
70.0013	0.0	0.350007	1.42854
30.6557	0.0	0.153279	3.26203
29.8137	0.0	0.149069	3.35416
105.47	0.0	0.527351	0.948135
105.47	0.0	0.527351	0.948135
85.5665	0.0	0.427832	1.16868
72.3964	0.0	0.361982	1.38128
29.3646	0.0	0.146823	3.40546
29.3646	0.0	0.146823	3.40546
106.098	0.0	0.530492	0.942521
106.098	0.0	0.530492	0.942521
91.4888	0.0	0.457444	1.09303
64.7507	0.0	0.323754	1.54438
27.9046	0.0	0.139523	3.58364
27.9046	0.0	0.139523	3.58364
106.417	0.0	0.532085	0.939699
105.901	0.0	0.529505	0.944278
93.3052	0.0	0.466526	1.07175
61.7077	0.0	0.308538	1.62054
28.4916	0.0	0.142458	3.5098
28.2014	0.0	0.141007	3.54593
106.179	0.0	0.530893	0.941809
105.186	0.0	0.525929	0.950698
94.5915	0.0	0.472958	1.05718
59.0087	0.0	0.295043	1.69467
31.6177	0.0	0.158089	3.16278
29.5807	0.0	0.147904	3.38058
105.226	0.0	0.526129	0.950337
104.044	0.0	0.520218	0.961136
95.3584	0.0	0.476792	1.04868
57.8888	0.0	0.289444	1.72745
35.0958	0.0	0.175479	2.84934
31.7656	0.0	0.158828	3.14806
103.551	0.0	0.517755	0.965707
102.631	0.0	0.513155	0.974364
95.5495	0.0	0.477748	1.04658
59.5991	0.0	0.297995	1.67788
37.064	0.0	0.18532	2.69803
34.3575	0.0	0.171787	2.91057
101.489	0.0	0.507447	0.985324
101.168	0.0	0.505842	0.988451
94.8677	0.0	0.474338	1.0541
63.6788	0.0	0.318394	1.57038
37.8474	0.0	0.189237	2.64219
36.9222	0.0	0.184611	2.70839
99.9213	0.0	0.499606	1.00079
99.9213	0.0	0.499606	1.00079
92.5962	0.0	0.462981	1.07996
68.4975	0.0	0.342488	1.45991
39.0379	0.0	0.195189	2.56161
39.0379	0.0	0.195189	2.56161
106.838	0.0	0.534191	0.935995
106.262	0.0	0.531312	0.941066
95.2582	0.0	0.476291	1.04978
58.5808	0.0	0.292904	1.70705
28.679	0.0	0.143395	3.48688
26.1919	0.0	0.130959	3.81798
106.914	0.0	0.534571	0.935329
105.927	0.0	0.529636	0.944044
96.6084	0.0	0.483042	1.03511
55.6945	0.0	0.278472	1.79551
30.6066	0.0	0.153033	3.26727
26.6446	0.0	0.133223	3.75311
106.325	0.0	0.531626	0.940511
105.083	0.0	0.525414	0.95163
97.384	0.0	0.48692	1.02686
54.1597	0.0	0.270799	1.84639
33.2263	0.0	0.166131	3.00967
28.767	0.0	0.143835	3.47621
104.989	0.0	0.524947	0.952478
103.883	0.0	0.519415	0.962622
97.5526	0.0	0.487763	1.02509
55.2843	0.0	0.276422	1.80883
35.0308	0.0	0.175154	2.85463
31.6397	0.0	0.158198	3.16059
103.139	0.0	0.515693	0.969569
102.509	0.0	0.512545	0.975524
96.8998	0.0	0.484499	1.03199
58.9539	0.0	0.294769	1.69624
36.0257	0.0	0.180128	2.7758
34.6001	0.0	0.173001	2.89016
101.489	0.0	0.507447	0.985324
101.168	0.0	0.505842	0.988451
94.8677	0.0	0.474338	1.0541
63.6788	0.0	0.318394	1.57038
37.8474	0.0	0.189237	2.64219
36.9222	0.0	0.184611	2.70839
107.33	0.0	0.536649	0.931708
106.088	0.0	0.530438	0.942617
97.9137	0.0	0.489568	1.02131
52.6564	0.0	0.263282	1.89911
31.9429	0.0	0.159714	3.13059
24.9953	0.0	0.124976	4.00076
107.177	0.0	0.535884	0.933038
105.72	0.0	0.528601	0.945893
98.5426	0.0	0.492713	1.01479
50.9996	0.0	0.254998	1.9608
33.68	0.0	0.1684	2.96912
25.7526	0.0	0.128763	3.8831
106.343	0.0	0.531713	0.940357
104.95	0.0	0.524752	0.952832
98.4659	0.0	0.49233	1.01558
51.9658	0.0	0.259829	1.92434
34.5381	0.0	0.172691	2.89535
28.3319	0.0	0.14166	3.52959
104.989	0.0	0.524947	0.952478
103.883	0.0	0.519415	0.962622
97.5526	0.0	0.487763	1.02509
55.2843	0.0	0.276422	1.80883
35.0308	0.0	0.175154	2.85463
31.6397	0.0	0.158198	3.16059
103.551	0.0	0.517755	0.965707
102.631	0.0	0.513155	0.974364
95.5495	0.0	0.477748	1.04658
59.5991	0.0	0.297995	1.67788
37.064	0.0	0.18532	2.69803
34.3575	0.0	0.171787	2.91057
107.502	0.0	0.537509	0.930218
105.926	0.0	0.529628	0.944059
98.9196	0.0	0.494598	1.01092
49.6497	0.0	0.248248	2.01411
34.1979	0.0	0.17099	2.92416
24.5642	0.0	0.122821	4.07096
107.177	0.0	0.535884	0.933038
105.72	0.0	0.528601	0.945893
98.5426	0.0	0.492713	1.01479
50.9996	0.0	0.254998	1.9608
33.68	0.0	0.1684	2.96912
25.7526	0.0	0.128763	3.8831
106.325	0.0	0.531626	0.940511
105.083	0.0	0.525414	0.95163
97.384	0.0	0.48692	1.02686
54.1597	0.0	0.270799	1.84639
33.2263	0.0	0.166131	3.00967
28.767	0.0	0.143835	3.47621
105.226	0.0	0.526129	0.950337
104.044	0.0	0.520218	0.961136
95.3584	0.0	0.476792	1.04868
57.8888	0.0	0.289444	1.72745
35.0958	0.0	0.175479	2.84934
31.7656	0.0	0.158828	3.14806
107.33	0.0	0.536649	0.931708
106.088	0.0	0.530438	0.942617
97.9137	0.0	0.489568	1.02131
52.6564	0.0	0.263282	1.89911
31.9429	0.0	0.159714	3.13059
24.9953	0.0	0.124976	4.00076
106.914	0.0	0.534571	0.935329
105.927	0.0	0.529636	0.944044
96.6084	0.0	0.483042	1.03511
55.6945	0.0	0.278472	1.79551
30.6066	0.0	0.153033	3.26727
26.6446	0.0	0.133223	3.75311
106.179	0.0	0.530893	0.941809
105.186	0.0	0.525929	0.950698
94.5915	0.0	0.472958	1.05718
59.0087	0.0	0.295043	1.69467
31.6177	0.0	0.158089	3.16278
29.5807	0.0	0.147904	3.38058
106.838	0.0	0.534191	0.935995
106.262	0.0	0.531312	0.941066
95.2582	0.0	0.476291	1.04978
58.5808	0.0	0.292904	1.70705
28.679	0.0	0.143395	3.48688
26.1919	0.0	0.130959	3.81798
106.417	0.0	0.532085	0.939699
105.901	0.0	0.529505	0.944278
93.3052	0.0	0.466526	1.07175
61.7077	0.0	0.308538	1.62054
28.4916	0.0	0.142458	3.5098
28.2014	0.0	0.141007	3.54593
106.098	0.0	0.530492	0.942521
106.098	0.0	0.530492	0.942521
91.4888	0.0	0.457444	1.09303
64.7507	0.0	0.323754	1.54438
27.9046	0.0	0.139523	3.58364
27.9046	0.0	0.139523	3.58364
107.211	0.0	0.536054	0.932742
107.211	0.0	0.536054	0.932742
97.4667	0.0	0.487334	1.02599
55.3453	0.0	0.276726	1.80684
25.1291	0.0	0.125645	3.97945
25.1291	0.0	0.125645	3.97945
107.664	0.0	0.538319	0.928817
107.046	0.0	0.535228	0.934181
99.0224	0.0	0.495112	1.00987
52.2187	0.0	0.261094	1.91502
25.3309	0.0	0.126655	3.94775
25.1632	0.0	0.125816	3.97405
107.376	0.0	0.536882	0.931304
106.364	0.0	0.53182	0.940168
99.9968	0.0	0.499984	1.00003
50.1367	0.0	0.250684	1.99455
27.7636	0.0	0.138818	3.60183
26.7558	0.0	0.133779	3.7375
106.219	0.0	0.531096	0.94145
105.253	0.0	0.526265	0.950091
100.42	0.0	0.502099	0.99582
50.4633	0.0	0.252316	1.98164
30.5837	0.0	0.152919	3.26971
29.0861	0.0	0.14543	3.43807
104.298	0.0	0.521488	0.958794
103.866	0.0	0.519329	0.962781
100.177	0.0	0.500884	0.998236
53.7087	0.0	0.268543	1.8619
32.5247	0.0	0.162623	3.07459
31.8677	0.0	0.159339	3.13797
102.417	0.0	0.512087	0.976396
102.417	0.0	0.512087	0.976396
98.5578	0.0	0.492789	1.01463
58.5851	0.0	0.292925	1.70692
34.6271	0.0	0.173135	2.88791
34.6271	0.0	0.173135	2.88791
108.195	0.0	0.540975	0.924257
107.478	0.0	0.537391	0.930421
100.684	0.0	0.503421	0.993205
48.8376	0.0	0.244188	2.0476
25.3873	0.0	0.126936	3.93898
22.573	0.0	0.112865	4.43008
108.255	0.0	0.541277	0.923742
107.175	0.0	0.535876	0.933052
101.689	0.0	0.508447	0.983386
46.3842	0.0	0.231921	2.15591
26.9393	0.0	0.134696	3.71206
22.947	0.0	0.114735	4.35787
107.513	0.0	0.537565	0.930121
106.369	0.0	0.531845	0.940124
102.072	0.0	0.51036	0.979701
46.1948	0.0	0.230974	2.16475
28.8978	0.0	0.144489	3.46047
25.331	0.0	0.126655	3.94773
106.005	0.0	0.530023	0.943354
105.215	0.0	0.526075	0.950435
101.725	0.0	0.508627	0.983039
48.9966	0.0	0.244983	2.04096
30.4332	0.0	0.152166	3.28589
28.5982	0.0	0.142991	3.49672
104.298	0.0	0.521488	0.958794
103.866	0.0	0.519329	0.962781
100.177	0.0	0.500884	0.998236
53.7087	0.0	0.268543	1.8619
32.5247	0.0	0.162623	3.07459
31.8677	0.0	0.159339	3.13797
108.72	0.0	0.543602	0.919791
107.363	0.0	0.536815	0.931419
102.59	0.0	0.512949	0.974755
43.7413	0.0	0.218707	2.28617
27.751	0.0	0.138755	3.60347
21.0921	0.0	0.105461	4.74111
108.47	0.0	0.542351	0.921913
107.067	0.0	0.535334	0.933997
102.738	0.0	0.513691	0.973348
43.5505	0.0	0.217753	2.29618
28.5149	0.0	0.142574	3.50694
22.1175	0.0	0.110587	4.52131
107.513	0.0	0.537565	0.930121
106.369	0.0	0.531845	0.940124
102.072	0.0	0.51036	0.979701
46.1948	0.0	0.230974	2.16475
28.8978	0.0	0.144489	3.46047
25.331	0.0	0.126655	3.94773
106.219	0.0	0.531096	0.94145
105.253	0.0	0.526265	0.950091
100.42	0.0	0.502099	0.99582
50.4633	0.0	0.252316	1.98164
30.5837	0.0	0.152919	3.26971
29.0861	0.0	0.14543	3.43807
108.72	0.0	0.543602	0.919791
107.363	0.0	0.536815	0.931419
102.59	0.0	0.512949	0.974755
43.7413	0.0	0.218707	2.28617
27.751	0.0	0.138755	3.60347
21.0921	0.0	0.105461	4.74111
108.255	0.0	0.541277	0.923742
107.175	0.0	0.535876	0.933052
101.689	0.0	0.508447	0.983386
46.3842	0.0	0.231921	2.15591
26.9393	0.0	0.134696	3.71206
22.947	0.0	0.114735	4.35787
107.376	0.0	0.536882	0.931304
106.364	0.0	0.53182	0.940168
99.9968	0.0	0.499984	1.00003
50.1367	0.0	0.250684	1.99455
27.7636	0.0	0.138818	3.60183
26.7558	0.0	0.133779	3.7375
108.195	0.0	0.540975	0.924257
107.478	0.0	0.537391	0.930421
100.684	0.0	0.503421	0.993205
48.8376	0.0	0.244188	2.0476
25.3873	0.0	0.126936	3.93898
22.573	0.0	0.112865	4.43008
107.664	0.0	0.538319	0.928817
107.046	0.0	0.535228	0.934181
99.0224	0.0	0.495112	1.00987
52.2187	0.0	0.261094	1.91502
25.3309	0.0	0.126655	3.94775
25.1632	0.0	0.125816	3.97405
107.211	0.0	0.536054	0.932742
107.211	0.0	0.536054	0.932742
97.4667	0.0	0.487334	1.02599
55.3453	0.0	0.276726	1.80684
25.1291	0.0	0.125645	3.97945
25.1291	0.0	0.125645	3.97945
108.574	0.0	0.54287	0.921031
108.574	0.0	0.54287	0.921031
102.604	0.0	0.513019	0.974623
45.1145	0.0	0.225573	2.21658
21.2743	0.0	0.106371	4.70051
21.2743	0.0	0.106371	4.70051
109.013	0.0	0.545067	0.917318
108.42	0.0	0.542101	0.922337
103.823	0.0	0.519116	0.963176
42.1075	0.0	0.210537	2.37487
21.4648	0.0	0.107324	4.65878
20.9641	0.0	0.104821	4.77005
108.555	0.0	0.542777	0.921188
107.754	0.0	0.538771	0.928039
104.447	0.0	0.522234	0.957426
41.0296	0.0	0.205148	2.43727
23.3479	0.0	0.11674	4.28303
23.0976	0.0	0.115488	4.32946
107.137	0.0	0.535687	0.933381
106.662	0.0	0.533308	0.937544
104.483	0.0	0.522417	0.957091
43.1242	0.0	0.215621	2.31888
26.0689	0.0	0.130344	3.83599
25.7443	0.0	0.128721	3.88436
105.295	0.0	0.526473	0.949716
105.295	0.0	0.526473	0.949716
103.437	0.0	0.517184	0.966774
47.885	0.0	0.239425	2.08833
28.8439	0.0	0.14422	3.46693
28.8439	0.0	0.14422	3.46693
109.569	0.0	0.547846	0.912665
108.839	0.0	0.544195	0.918789
105.129	0.0	0.525645	0.951213
38.6043	0.0	0.193021	2.59039
21.1484	0.0	0.105742	4.7285
18.1889	0.0	0.0909444	5.49787
109.509	0.0	0.547544	0.913168
108.539	0.0	0.542693	0.921331
105.742	0.0	0.528712	0.945694
37.0031	0.0	0.185015	2.70248
22.3925	0.0	0.111962	4.46579
18.7757	0.0	0.0938786	5.32603
108.579	0.0	0.542893	0.920992
107.776	0.0	0.538882	0.927847
105.639	0.0	0.528195	0.94662
38.6238	0.0	0.193119	2.58908
23.9909	0.0	0.119954	4.16825
21.805	0.0	0.109025	4.5861
107.137	0.0	0.535687	0.933381
106.662	0.0	0.533308	0.937544
104.483	0.0	0.522417	0.957091
43.1242	0.0	0.215621	2.31888
26.0689	0.0	0.130344	3.83599
25.7443	0.0	0.128721	3.88436
109.914	0.0	0.549569	0.909804
108.754	0.0	0.543772	0.919503
106.158	0.0	0.530792	0.941988
35.3506	0.0	0.176753	2.82881
22.3602	0.0	0.111801	4.47223
16.998	0.0	0.08499	5.88305
109.509	0.0	0.547544	0.913168
108.539	0.0	0.542693	0.921331
105.742	0.0	0.528712	0.945694
37.0031	0.0	0.185015	2.70248
22.3925	0.0	0.111962	4.46579
18.7757	0.0	0.0938786	5.32603
108.555	0.0	0.542777	0.921188
107.754	0.0	0.538771	0.928039
104.447	0.0	0.522234	0.957426
41.0296	0.0	0.205148	2.43727
23.3479	0.0	0.11674	4.28303
23.0976	0.0	0.115488	4.32946
109.569	0.0	0.547846	0.912665
108.839	0.0	0.544195	0.918789
105.129	0.0	0.525645	0.951213
38.6043	0.0	0.193021	2.59039
21.1484	0.0	0.105742	4.7285
18.1889	0.0	0.0909444	5.49787
109.013	0.0	0.545067	0.917318
108.42	0.0	0.542101	0.922337
103.823	0.0	0.519116	0.963176
42.1075	0.0	0.210537	2.37487
21.4648	0.0	0.107324	4.65878
20.9641	0.0	0.104821	4.77005
108.574	0.0	0.54287	0.921031
108.574	0.0	0.54287	0.921031
102.604	0.0	0.513019	0.974623
45.1145	0.0	0.225573	2.21658
21.2743	0.0	0.106371	4.70051
21.2743	0.0	0.106371	4.70051
109.935	0.0	0.549677	0.909626
109.935	0.0	0.549677	0.909626
106.703	0.0	0.533515	0.93718
34.3122	0.0	0.171561	2.91442
16.6033	0.0	0.0830163	6.02292
16.6033	0.0	0.0830163	6.02292
110.232	0.0	0.55116	0.907177
109.773	0.0	0.548867	0.910968
107.557	0.0	0.537787	0.929737
31.6542	0.0	0.158271	3.15914
16.9132	0.0	0.0845659	5.91255
16.2548	0.0	0.0812739	6.15203
109.517	0.0	0.547585	0.913101
109.105	0.0	0.545523	0.916552
107.81	0.0	0.539049	0.92756
32.1612	0.0	0.160806	3.10934
19.0053	0.0	0.0950266	5.26169
18.9313	0.0	0.0946566	5.28225
108.016	0.0	0.540082	0.925786
108.016	0.0	0.540082	0.925786
107.226	0.0	0.536132	0.932606
36.523	0.0	0.182615	2.738
22.1922	0.0	0.110961	4.50608
22.1922	0.0	0.110961	4.50608
110.735	0.0	0.553674	0.903059
110.115	0.0	0.550577	0.908138
108.469	0.0	0.542343	0.921926
28.2192	0.0	0.141096	3.54368
16.2397	0.0	0.0811986	6.15774
13.3805	0.0	0.0669023	7.47358
110.487	0.0	0.552434	0.905085
109.832	0.0	0.549158	0.910485
108.614	0.0	0.543072	0.920689
28.189	0.0	0.140945	3.54748
17.211	0.0	0.0860552	5.81022
14.7337	0.0	0.0736686	6.78715
109.517	0.0	0.547585	0.913101
109.105	0.0	0.545523	0.916552
107.81	0.0	0.539049	0.92756
32.1612	0.0	0.160806	3.10934
19.0053	0.0	0.0950266	5.26169
18.9313	0.0	0.0946566	5.28225
110.735	0.0	0.553674	0.903059
110.115	0.0	0.550577	0.908138
108.469	0.0	0.542343	0.921926
28.2192	0.0	0.141096	3.54368
16.2397	0.0	0.0811986	6.15774
13.3805	0.0	0.0669023	7.47358
110.232	0.0	0.55116	0.907177
109.773	0.0	0.548867	0.910968
107.557	0.0	0.537787	0.929737
31.6542	0.0	0.158271	3.15914
16.9132	0.0	0.0845659	5.91255
16.2548	0.0	0.0812739	6.15203
109.935	0.0	0.549677	0.909626
109.935	0.0	0.549677	0.909626
106.703	0.0	0.533515	0.93718
34.3122	0.0	0.171561	2.91442
16.6033	0.0	0.0830163	6.02292
16.6033	0.0	0.0830163	6.02292
111.073	0.0	0.555367	0.900305
111.073	0.0	0.555367	0.900305
109.678	0.0	0.54839	0.911759
23.0994	0.0	0.115497	4.32913
11.3624	0.0	0.056812	8.80096
11.3624	0.0	0.056812	8.80096
111.131	0.0	0.555655	0.899839
110.887	0.0	0.554437	0.901816
110.152	0.0	0.550758	0.907839
21.2464	0.0	0.106232	4.70669
12.0497	0.0	0.0602484	8.29897
11.5537	0.0	0.0577685	8.65523
110.201	0.0	0.551004	0.907434
110.201	0.0	0.551004	0.907434
109.928	0.0	0.549639	0.909689
24.6446	0.0	0.123223	4.05768
15.0245	0.0	0.0751224	6.65581
15.0245	0.0	0.0751224	6.65581
111.521	0.0	0.557606	0.896691
111.149	0.0	0.555747	0.899689
110.604	0.0	0.553019	0.904128
18.4103	0.0	0.0920516	5.43173
10.8757	0.0	0.0543783	9.19484
8.68887	0.0	0.0434444	11.509
111.131	0.0	0.555655	0.899839
110.887	0.0	0.554437	0.901816
110.152	0.0	0.550758	0.907839
21.2464	0.0	0.106232	4.70669
12.0497	0.0	0.0602484	8.29897
11.5537	0.0	0.0577685	8.65523
111.073	0.0	0.555367	0.900305
111.073	0.0	0.555367	0.900305
109.678	0.0	0.54839	0.911759
23.0994	0.0	0.115497	4.32913
11.3624	0.0	0.056812	8.80096
11.3624	0.0	0.056812	8.80096
111.823	0.0	0.559116	0.894269
111.823	0.0	0.559116	0.894269
111.481	0.0	0.557403	0.897017
11.6168	0.0	0.058084	8.60823
5.76607	0.0	0.0288303	17.3428
5.76607	0.0	0.0288303	17.3428
111.602	0.0	0.558012	0.896038
111.602	0.0	0.558012	0.896038
111.546	0.0	0.557728	0.896495
12.4123	0.0	0.0620615	8.05653
7.57411	0.0	0.0378705	13.2029
7.57411	0.0	0.0378705	13.2029
111.823	0.0	0.559116	0.894269
111.823	0.0	0.559116	0.894269
111.481	0.0	0.557403	0.897017
11.6168	0.0	0.058084	8.60823
5.76607	0.0	0.0288303	17.3428
5.76607	0.0	0.0288303	17.3428
112.084	0.0	0.560421	0.892187
112.084	0.0	0.560421	0.892187
112.084	0.0	0.560421	0.892187
0	0.0	0	0
0	0.0	0	0
0	0.0	0	0
