720 Out of 20250 QH, Third, Fourth Freq in rad/ps and Lifetimes in ps for a 15x15x15 Si Lattice at 5K. (atoms/UC=2)
105.47	-0.275652	-0.105115	53.3039
105.47	-0.275651	-0.105115	53.3037
85.5665	-0.21135	0.0947425	19.9821
72.3964	-0.115727	-0.301115	56.9599
29.3646	-0.0195021	-0.347747	209634
29.3646	-0.0195021	-0.347747	209563
105.517	-0.251481	-0.104569	24.7211
105.224	-0.26889	-0.100639	16.9469
87.1767	-0.20001	0.0342791	13.8438
70.0013	-0.116714	-0.240554	31.7505
30.6557	-0.0211935	-0.338056	182607
29.8138	-0.0210369	-0.348074	191603
105.187	-0.248083	-0.094899	35.8104
104.463	-0.242646	-0.085144	32.7954
88.5801	-0.191116	-0.011946	36.3066
67.1552	-0.105579	-0.190477	19.524
34.4873	-0.0252028	-0.33247	135337
31.2602	-0.024975	-0.357079	155853
104.341	-0.266819	-0.0759981	16.8307
103.283	-0.248834	-0.0598569	33.1475
89.589	-0.212028	-0.0468708	14.6417
64.9949	-0.123584	-0.141645	37.613
38.9123	-0.0301942	-0.355016	2186.45
33.4285	-0.0303483	-0.375385	123236
102.923	-0.254452	-0.046543	38.4314
101.846	-0.257349	-0.027203	36.2736
90.0962	-0.168453	-0.0765163	11.3725
65.1165	-0.106338	-0.0974002	34.1931
41.7286	-0.0361378	-0.402246	85145
35.9395	-0.0361712	-0.402019	99909.7
101.091	-0.229251	-0.00504747	35.364
100.38	-0.224831	0.00848947	20.1556
89.8934	-0.204764	-0.106156	9.03453
68.2106	-0.120073	-0.085109	49.9523
42.0785	-0.043411	-0.439483	6589.04
38.3789	-0.0416009	-0.433486	83083.5
99.3636	-0.223954	0.0407909	36.126
99.1544	-0.240386	0.0405306	51.4522
88.5368	-0.169203	-0.131337	9.40783
72.8752	-0.12469	-0.0966818	94.5667
41.452	-0.0476084	-0.463228	8865.9
40.34	-0.0452047	-0.463425	71980.5
98.4356	-0.23457	0.064141	57.8361
98.4356	-0.23457	0.064141	57.836
85.5712	-0.177173	-0.134031	55.2026
77.5194	-0.120497	-0.111006	56.5543
41.4735	-0.0483848	-0.481754	69151.8
41.4735	-0.0483848	-0.481754	69151.8
105.753	-0.267996	-0.111309	94.5581
105.429	-0.2649	-0.104125	15.3702
89.1634	-0.226364	-0.00985294	10.2213
67.4202	-0.131314	-0.197597	16.373
30.761	-0.02184	-0.331281	177798
28.7496	-0.0197533	-0.340781	201152
105.721	-0.267783	-0.109305	73.9081
105.022	-0.261024	-0.0957078	25.2924
90.7434	-0.207468	-0.0439223	17.5438
64.4667	-0.102521	-0.161989	34.3915
33.1728	-0.0247655	-0.323248	145665
29.4269	-0.021991	-0.340796	175596
105.193	-0.279326	-0.0979527	17.7994
104.122	-0.26596	-0.0765662	37.5807
91.8337	-0.220863	-0.0698054	50.2433
62.0431	-0.0998839	-0.126971	44.9025
36.6557	-0.0285736	-0.333287	118299
31.4503	-0.0267335	-0.351003	139932
104.046	-0.257887	-0.0763495	32.7528
102.881	-0.256935	-0.0484458	21.6034
92.3883	-0.207309	-0.090547	6.8569
61.5657	-0.108442	-0.0921759	32.4217
39.3952	-0.033367	-0.368593	101164
34.1264	-0.0325	-0.372425	107933
102.36	-0.249351	-0.0425838	62.8226
101.49	-0.240948	-0.0146184	18.1871
92.275	-0.260528	-0.110242	7.66546
63.982	-0.102583	-0.0783978	41.6274
40.1907	-0.0394302	-0.405839	333.229
36.9333	-0.0382431	-0.402546	90487
100.558	-0.228216	0.00061034	18.861
100.174	-0.244506	0.0199632	16.133
91.1499	-0.242296	-0.129018	13.0155
68.2744	-0.10532	-0.0856138	62.218
40.2048	-0.0420405	-0.436689	1162.72
39.2825	-0.042072	-0.434996	56803.2
99.3636	-0.236089	0.0356079	72.6992
99.1544	-0.236195	0.0475442	40.0715
88.5368	-0.173927	-0.133052	7.64222
72.8752	-0.120513	-0.0967364	52.1476
41.452	-0.0465102	-0.466812	71045.7
40.34	-0.0458156	-0.459773	25216.2
105.973	-0.255177	-0.115839	77.8267
105.1	-0.268413	-0.0942197	15.1837
92.3595	-0.238283	-0.0704229	29.99
61.4536	-0.102262	-0.134506	129.629
34.7933	-0.0264542	-0.316063	134180
28.2651	-0.0211182	-0.335415	181282
105.821	-0.275758	-0.112798	20.2748
104.65	-0.271601	-0.0827309	45.3717
93.3843	-0.212153	-0.0902628	21.4396
58.9241	-0.0986995	-0.105727	29.7856
37.3526	-0.0278546	-0.324776	102367
29.068	-0.0233558	-0.336336	160950
105.102	-0.276683	-0.100348	30.6732
103.803	-0.26984	-0.0625441	52.0288
93.7893	-0.213971	-0.10327	31.0935
58.2084	-0.0932709	-0.0791769	63.2602
39.2493	-0.0312494	-0.351947	74957.4
31.4402	-0.0276806	-0.346698	131844
103.849	-0.269451	-0.0776705	52.2068
102.701	-0.260685	-0.0366295	38.387
93.4858	-0.218841	-0.110317	20.7249
60.1981	-0.0981101	-0.0722454	28.0003
39.6762	-0.0357949	-0.379258	91188.5
34.4775	-0.0328691	-0.369475	107170
102.36	-0.265451	-0.044123	22.289
101.49	-0.244007	-0.00970097	17.7549
92.275	-0.240278	-0.112985	7.827
63.982	-0.0986498	-0.0791661	125.977
40.1907	-0.0398393	-0.407255	44068.9
36.9333	-0.0385537	-0.400752	83896
101.091	-0.240276	-0.00749119	57.5688
100.38	-0.243708	0.0158405	17.0777
89.8934	-0.167501	-0.110195	7.21615
68.2106	-0.113581	-0.0858488	72.0775
42.0785	-0.0430269	-0.442546	56679.3
38.3789	-0.0408273	-0.430078	60683.1
106.092	-0.282656	-0.118053	16.782
104.743	-0.2832	-0.0808823	44.4749
94.2335	-0.227104	-0.104538	52.1733
56.4915	-0.114977	-0.0815509	21.3679
39.0439	-0.0311978	-0.330717	17281.5
27.9983	-0.0224526	-0.332484	168916
105.85	-0.261918	-0.113862	27.6409
104.442	-0.270683	-0.0724844	27.0713
94.3799	-0.233985	-0.109909	30.0911
56.1115	-0.104367	-0.0698025	21.7484
39.7907	-0.028307	-0.343093	28380.3
28.9438	-0.0241986	-0.334735	155466
105.102	-0.26989	-0.100234	15.601
103.803	-0.268918	-0.0589973	25.3795
93.7893	-0.205355	-0.106	24.3897
58.2084	-0.0968004	-0.0809238	21.4202
39.2493	-0.032358	-0.350917	68575.9
31.4402	-0.0279805	-0.346483	131219
104.046	-0.266827	-0.0766095	37.4357
102.881	-0.274398	-0.0416902	21.7643
92.3883	-0.21374	-0.0954879	8.25907
61.5657	-0.105192	-0.0945293	25.4294
39.3952	-0.0335771	-0.368552	75980.5
34.1264	-0.0325216	-0.370973	109852
102.923	-0.258142	-0.0466092	48.5454
101.846	-0.260192	-0.0194677	18.8781
90.0962	-0.179422	-0.0823893	13.5355
65.1165	-0.11564	-0.0996041	27.6999
41.7286	-0.0387223	-0.404187	30428.9
35.9395	-0.0361255	-0.398923	97610.2
106.092	-0.286333	-0.117561	142.355
104.743	-0.271704	-0.077721	72.9904
94.2335	-0.189194	-0.107151	16.4163
56.4915	-0.111253	-0.08372	104.481
39.0439	-0.0286568	-0.329036	19637.4
27.9983	-0.0227831	-0.332434	168726
105.821	-0.280225	-0.11196	73.2305
104.65	-0.270671	-0.0767914	18.6793
93.3843	-0.193581	-0.09511	16.8045
58.9241	-0.109495	-0.109216	49.7875
37.3526	-0.0293955	-0.322418	31473.8
29.068	-0.0239158	-0.336186	160399
105.193	-0.276728	-0.0968328	12.9565
104.122	-0.270641	-0.0687166	17.9639
91.8337	-0.215732	-0.0761715	28.1206
62.0431	-0.0974931	-0.130913	27.3871
36.6557	-0.0292188	-0.331656	115372
31.4503	-0.0271704	-0.350071	137679
104.341	-0.259369	-0.0742616	25.509
103.283	-0.263664	-0.0517605	29.0558
89.589	-0.183657	-0.0537892	8.49951
64.9949	-0.116947	-0.145487	25.2305
38.9123	-0.0342708	-0.355643	1136.35
33.4285	-0.0305094	-0.372577	120401
105.973	-0.268249	-0.114438	190.959
105.1	-0.286477	-0.0864235	29.7805
92.3595	-0.212017	-0.0767644	9.78069
61.4536	-0.107455	-0.138989	82.3383
34.7933	-0.0263631	-0.313128	132115
28.2651	-0.0219837	-0.335287	180312
105.721	-0.264309	-0.107274	61.3067
105.022	-0.254421	-0.0868766	29.0267
90.7434	-0.207112	-0.0512237	16.4875
64.4667	-0.111904	-0.166909	70.3015
33.1728	-0.0254701	-0.320581	128376
29.4269	-0.0228389	-0.34037	172572
105.187	-0.262676	-0.0918	15.0825
104.463	-0.262114	-0.0767557	32.3047
88.5801	-0.175936	-0.0195656	39.8064
67.1552	-0.122726	-0.195475	49.0719
34.4873	-0.0274477	-0.332205	11033
31.2602	-0.0253126	-0.3545	148917
105.753	-0.27404	-0.109219	123.293
105.429	-0.280659	-0.0941037	23.9966
89.1634	-0.181932	-0.0177155	40.4476
67.4202	-0.125228	-0.202941	19.9914
30.761	-0.0223081	-0.328187	174577
28.7496	-0.0208682	-0.340621	195581
105.517	-0.251018	-0.100501	33.4756
105.224	-0.264565	-0.0920466	16.7359
87.1767	-0.159004	0.0261957	16.7826
70.0013	-0.124442	-0.2461	30.286
30.6557	-0.022297	-0.337329	177443
29.8138	-0.0216176	-0.345645	186113
105.47	-0.262374	-0.100598	44.3713
105.47	-0.26699	-0.0964496	22.2502
85.5665	-0.17652	0.0864221	24.8005
72.3964	-0.118975	-0.306846	76.3489
29.3646	-0.0204826	-0.346862	200629
29.3646	-0.0202132	-0.345374	202784
106.098	-0.245695	-0.120082	26.344
106.098	-0.245695	-0.120082	26.344
91.4888	-0.248429	-0.0432207	189.582
64.7507	-0.124198	-0.166451	33.108
27.9046	-0.0187049	-0.326387	214340
27.9046	-0.0187049	-0.326387	214274
106.417	-0.263849	-0.125819	32.419
105.901	-0.269932	-0.117738	89.8341
93.3052	-0.231815	-0.0700713	40.2674
61.7077	-0.105142	-0.140762	39.7649
28.4916	-0.0195658	-0.311702	194368
28.2014	-0.0203885	-0.320341	193157
106.179	-0.269458	-0.120881	22.72
105.186	-0.266966	-0.104304	25.3045
94.5915	-0.231349	-0.0908484	22.2869
59.0087	-0.0909155	-0.116895	29.6047
31.6177	-0.022895	-0.304452	152389
29.5807	-0.0243163	-0.324846	156987
105.226	-0.27796	-0.104437	8.66621
104.044	-0.257482	-0.0808337	31.1784
95.3584	-0.233444	-0.107197	9.49361
57.8888	-0.10517	-0.0909975	40.1093
35.0958	-0.0278411	-0.325256	122074
31.7656	-0.029478	-0.341166	125620
103.551	-0.270607	-0.0728886	19.9237
102.631	-0.246957	-0.0495372	16.6753
95.5495	-0.217991	-0.123881	12.3156
59.5991	-0.0795021	-0.0748509	63.327
37.064	-0.0345471	-0.363418	99311
34.3575	-0.0348653	-0.368298	101304
101.489	-0.251413	-0.0218508	20.2692
101.168	-0.251636	-0.0143905	20.5774
94.8677	-0.254011	-0.147388	8.28995
63.6788	-0.104043	-0.0784144	136.436
37.8474	-0.0395409	-0.399943	80759.2
36.9222	-0.0401771	-0.402463	86706.7
99.9213	-0.264487	0.0218641	17.586
99.9213	-0.264487	0.0218641	17.586
92.5962	-0.203811	-0.157463	6.26166
68.4975	-0.109513	-0.0893614	138.532
39.0379	-0.0437767	-0.435255	78428
39.0379	-0.0437767	-0.435255	78427
106.838	-0.274866	-0.135965	29.1787
106.262	-0.259013	-0.125043	56.8883
95.2582	-0.238037	-0.0926429	8.33636
58.5808	-0.0999095	-0.12059	94.188
28.679	-0.0206782	-0.298481	183784
26.1919	-0.0180237	-0.308381	217393
106.914	-0.272851	-0.137657	23.0121
105.927	-0.277128	-0.118671	43.1882
96.6084	-0.258098	-0.110662	13.751
55.6945	-0.097839	-0.101686	28.1686
30.6066	-0.02297	-0.289468	158047
26.6446	-0.0198994	-0.303513	193260
106.325	-0.264362	-0.128669	27.4917
105.083	-0.272058	-0.101194	23.4065
97.384	-0.242625	-0.123617	17.9841
54.1597	-0.0878898	-0.0815485	91.6405
33.2263	-0.0260476	-0.300746	133794
28.767	-0.0244836	-0.310558	152689
104.989	-0.271568	-0.107031	18.5521
103.883	-0.270801	-0.074474	26.6065
97.5526	-0.243312	-0.13358	15.4605
55.2843	-0.0790478	-0.0678946	37.0345
35.0308	-0.030631	-0.330572	108932
31.6397	-0.0299864	-0.331847	120936
103.139	-0.24779	-0.0694502	45.5393
102.509	-0.268508	-0.0413232	37.1009
96.8998	-0.23638	-0.145085	8.72843
58.9539	-0.0924897	-0.0699878	91.33
36.0257	-0.0360037	-0.365109	96796.4
34.6001	-0.0354212	-0.363885	100051
101.489	-0.240081	-0.0257143	39.4775
101.168	-0.258066	-0.00706087	24.6581
94.8677	-0.228325	-0.150429	44.5623
63.6788	-0.0965702	-0.078855	38.1943
37.8474	-0.0401822	-0.403031	86741
36.9222	-0.0397529	-0.399146	87276.2
107.33	-0.277703	-0.146062	36.8015
106.088	-0.267814	-0.119709	41.5939
97.9137	-0.239776	-0.127108	31.6971
52.6564	-0.0859103	-0.0846822	50.1189
31.9429	-0.0236668	-0.27896	149529
24.9953	-0.0184538	-0.296562	212225
107.177	-0.2614	-0.144289	42.5927
105.72	-0.284065	-0.110317	60.3322
98.5426	-0.240724	-0.137524	13.1443
50.9996	-0.0812328	-0.0679812	100.085
33.68	-0.0248649	-0.286745	137794
25.7526	-0.0203916	-0.295732	190250
106.343	-0.266398	-0.131909	20.4927
104.95	-0.278241	-0.0927152	29.4429
98.4659	-0.243033	-0.140487	13.7734
51.9658	-0.0849507	-0.0623827	415.827
34.5381	-0.0275738	-0.30597	116520
28.3319	-0.0247159	-0.30587	152218
104.989	-0.278878	-0.10763	26.0498
103.883	-0.274864	-0.0695272	16.2425
97.5526	-0.233715	-0.137206	19.5887
55.2843	-0.0812091	-0.0690357	73.3317
35.0308	-0.0312214	-0.330625	110415
31.6397	-0.0299854	-0.331028	120820
103.551	-0.272636	-0.0736485	23.7562
102.631	-0.263854	-0.0418241	16.6268
95.5495	-0.242846	-0.129745	15.492
59.5991	-0.0987716	-0.0763223	546.799
37.064	-0.0351966	-0.365613	96084.9
34.3575	-0.0347464	-0.365279	102392
107.502	-0.274902	-0.149236	161.447
105.926	-0.284681	-0.111759	72.0366
98.9196	-0.244955	-0.144118	10.1129
49.6497	-0.0999776	-0.0603612	439.19
34.1979	-0.0234154	-0.28354	127075
24.5642	-0.0190152	-0.292394	210154
107.177	-0.261651	-0.143916	21.749
105.72	-0.280325	-0.106533	76.1728
98.5426	-0.216162	-0.140767	16.4882
50.9996	-0.0872865	-0.0698249	394.09
33.68	-0.0249906	-0.285394	138186
25.7526	-0.0207138	-0.29562	191240
106.325	-0.268048	-0.128211	18.7865
105.083	-0.278554	-0.0941303	50.817
97.384	-0.247792	-0.129555	18.1718
54.1597	-0.0848811	-0.0842927	473.682
33.2263	-0.0268013	-0.299366	131619
28.767	-0.0248776	-0.309971	153210
105.226	-0.266519	-0.103205	10.9729
104.044	-0.279276	-0.0727573	16.8054
95.3584	-0.219387	-0.114425	14.2798
57.8888	-0.0977526	-0.0939114	78.1512
35.0958	-0.0310264	-0.32618	80387.9
31.7656	-0.0295459	-0.338426	125481
107.33	-0.256662	-0.145119	34.9693
106.088	-0.293669	-0.113177	18.3622
97.9137	-0.249438	-0.132836	14.7685
52.6564	-0.0962159	-0.0879451	48.5485
31.9429	-0.0240299	-0.276636	149623
24.9953	-0.019123	-0.296383	214544
106.914	-0.275828	-0.136292	44.3449
105.927	-0.267436	-0.110215	39.4153
96.6084	-0.23717	-0.117936	24.9232
55.6945	-0.0938341	-0.105602	44.8411
30.6066	-0.0234337	-0.287	158870
26.6446	-0.0207158	-0.303183	195097
106.179	-0.273226	-0.118259	32.1201
105.186	-0.258106	-0.0959119	37.4364
94.5915	-0.198493	-0.0988414	10.3714
59.0087	-0.0967277	-0.121077	64.0655
31.6177	-0.024544	-0.304326	127382
29.5807	-0.024651	-0.322334	157453
106.838	-0.265996	-0.134275	44.7813
106.262	-0.261727	-0.115313	21.2356
95.2582	-0.216656	-0.100759	6.94555
58.5808	-0.0947742	-0.125152	104.899
28.679	-0.0211802	-0.29563	185450
26.1919	-0.0190847	-0.308118	219132
106.417	-0.273649	-0.122144	34.9409
105.901	-0.284594	-0.109188	12.0534
93.3052	-0.179917	-0.0784982	19.7864
61.7077	-0.104559	-0.145636	62.6572
28.4916	-0.0209448	-0.311	192847
28.2014	-0.0209021	-0.317983	193293
106.098	-0.266438	-0.11579	27.5262
106.098	-0.283628	-0.111526	29.3871
91.4888	-0.2073	-0.0518421	204.603
64.7507	-0.108311	-0.171663	20.5723
27.9046	-0.0197672	-0.325477	211605
27.9046	-0.0194496	-0.324099	212747
107.211	-0.261333	-0.145843	24.3553
107.211	-0.261333	-0.145843	24.3553
97.4667	-0.255738	-0.112202	70.8699
55.3453	-0.0887237	-0.104592	1494.98
25.1291	-0.0171841	-0.287723	229610
25.1291	-0.0171841	-0.287723	229567
107.664	-0.284051	-0.154732	16.5262
107.046	-0.275304	-0.144763	84.3051
99.0224	-0.254941	-0.128374	36.1836
52.2187	-0.085326	-0.0901985	4767.83
25.3309	-0.0189161	-0.276771	205431
25.1632	-0.0173611	-0.271126	221819
107.376	-0.287907	-0.151504	21.9429
106.364	-0.294091	-0.132732	35.9535
99.9968	-0.273535	-0.140052	35.0795
50.1367	-0.0747612	-0.0759073	68.7583
27.7636	-0.0204483	-0.265619	178375
26.7558	-0.0227075	-0.279048	167215
106.219	-0.272792	-0.134377	21.5782
105.253	-0.267999	-0.110623	22.76
100.42	-0.256345	-0.148644	44.1194
50.4633	-0.0779186	-0.0629611	564.833
30.5837	-0.0257008	-0.2867	138074
29.0861	-0.0274982	-0.29599	134997
104.298	-0.262426	-0.0949517	31.3245
103.866	-0.271447	-0.0806137	24.3271
100.177	-0.281801	-0.163473	11.4349
53.7087	-0.0842295	-0.0615152	44.0481
32.5247	-0.0314098	-0.321827	94649.1
31.8677	-0.0323184	-0.32577	107791
102.417	-0.255156	-0.0427864	178.841
102.417	-0.255156	-0.0427864	178.84
98.5578	-0.272167	-0.18032	51.1614
58.5851	-0.0844803	-0.069598	86.1285
34.6271	-0.0363835	-0.362094	97302.6
34.6271	-0.0363835	-0.362094	97299.5
108.195	-0.281197	-0.166067	62.9598
107.478	-0.286503	-0.153774	104.201
100.684	-0.257354	-0.14391	50.0638
48.8376	-0.0728761	-0.0777405	3294.24
25.3873	-0.0186841	-0.252262	203027
22.573	-0.0156463	-0.263654	257323
108.255	-0.284514	-0.168535	23.532
107.175	-0.286663	-0.148206	64.1331
101.689	-0.266506	-0.155379	31.6758
46.3842	-0.0796444	-0.0657039	122.76
26.9393	-0.020504	-0.244643	178690
22.947	-0.017227	-0.257031	231064
107.513	-0.277287	-0.159232	71.8427
106.369	-0.286614	-0.131451	32.6289
102.072	-0.252682	-0.161803	62.46
46.1948	-0.0678941	-0.0556359	480.757
28.8978	-0.0238019	-0.25838	151049
25.331	-0.0215814	-0.2639	175825
106.005	-0.268268	-0.13511	20.8054
105.215	-0.271392	-0.105303	50.911
101.725	-0.281826	-0.16622	16.0051
48.9966	-0.0694318	-0.0551514	606.915
30.4332	-0.0284441	-0.286895	127635
28.5982	-0.026207	-0.287675	2214.9
104.298	-0.266413	-0.0972455	25.8753
103.866	-0.262405	-0.0729508	12.2858
100.177	-0.259186	-0.168281	7.86628
53.7087	-0.0752231	-0.0622161	41.8184
32.5247	-0.0323796	-0.324249	112280
31.8677	-0.0320883	-0.322921	112910
108.72	-0.261869	-0.176351	20.2549
107.363	-0.285951	-0.14985	69.3033
102.59	-0.269022	-0.167101	42.7177
43.7413	-0.0654218	-0.0547384	8275.29
27.751	-0.0205092	-0.233239	172120
21.0921	-0.0153797	-0.250937	271737
108.47	-0.278693	-0.173449	35.0544
107.067	-0.290086	-0.14181	23.3868
102.738	-0.257586	-0.171086	8.84816
43.5505	-0.0674885	-0.0505306	149.743
28.5149	-0.021445	-0.239091	166174
22.1175	-0.0173074	-0.251043	237575
107.513	-0.270048	-0.159252	47.3371
106.369	-0.286208	-0.126217	30.6837
102.072	-0.2539	-0.166301	8.97681
46.1948	-0.0691768	-0.0570136	3200.36
28.8978	-0.0241081	-0.257596	147432
25.331	-0.0219273	-0.263625	178315
106.219	-0.270651	-0.133807	15.9318
105.253	-0.258771	-0.102583	36.9201
100.42	-0.2562	-0.156035	14.0874
50.4633	-0.0745916	-0.0648662	311.201
30.5837	-0.0265547	-0.287994	137942
29.0861	-0.0273521	-0.293411	136622
108.72	-0.275902	-0.175962	58.6571
107.363	-0.289081	-0.145429	20.2229
102.59	-0.250689	-0.171146	22.6464
43.7413	-0.0661417	-0.056461	1984.27
27.751	-0.0206699	-0.231922	164867
21.0921	-0.0157267	-0.250793	273334
108.255	-0.264691	-0.167762	49.2725
107.175	-0.276258	-0.140519	13.4197
101.689	-0.271884	-0.162347	18.9889
46.3842	-0.0769871	-0.068471	102.224
26.9393	-0.0207992	-0.24271	180202
22.947	-0.0178333	-0.256766	234679
107.376	-0.275513	-0.14938	66.2548
106.364	-0.295439	-0.124411	23.3319
99.9968	-0.281929	-0.148488	7.31603
50.1367	-0.0754919	-0.0790945	208.206
27.7636	-0.0215181	-0.265737	178090
26.7558	-0.0229796	-0.276694	169920
108.195	-0.248535	-0.164857	17.0661
107.478	-0.260841	-0.144393	13.7643
100.684	-0.217542	-0.152177	56.7305
48.8376	-0.0747387	-0.0813432	2839.12
25.3873	-0.019005	-0.249828	206723
22.573	-0.0165317	-0.263317	262704
107.664	-0.274826	-0.151492	12.04
107.046	-0.280535	-0.136274	9.75523
99.0224	-0.225056	-0.137314	22.5431
52.2187	-0.0802927	-0.0941926	1962.34
25.3309	-0.0193738	-0.274576	210730
25.1632	-0.0183185	-0.270496	225428
107.211	-0.28008	-0.141869	12.244
107.211	-0.278568	-0.137352	11.893
97.4667	-0.254298	-0.121438	27.3658
55.3453	-0.102261	-0.10911	83.1963
25.1291	-0.0179934	-0.286792	234741
25.1291	-0.0176465	-0.285608	234484
108.574	-0.289414	-0.17612	18.1591
108.574	-0.289414	-0.17612	18.1591
102.604	-0.279585	-0.158284	595.654
45.1145	-0.0657922	-0.0676	24189.2
21.2743	-0.0149212	-0.237544	270413
21.2743	-0.0149212	-0.237544	270397
109.013	-0.285732	-0.185066	102.83
108.42	-0.294616	-0.175363	26.8792
103.823	-0.295568	-0.169389	75.2517
42.1075	-0.0560659	-0.0582872	839.367
21.4648	-0.0166458	-0.22363	236623
20.9641	-0.0146847	-0.221661	274718
108.555	-0.261392	-0.180737	46.6019
107.754	-0.283603	-0.1638	83.5584
104.447	-0.304548	-0.175729	12.0377
41.0296	-0.0518586	-0.0499021	235.67
23.3479	-0.0180933	-0.220443	211232
23.0976	-0.0202145	-0.226908	190150
107.137	-0.266328	-0.158367	16.2428
106.662	-0.277041	-0.142405	97.8134
104.483	-0.277548	-0.181937	20.216
43.1242	-0.0566627	-0.0463509	4491.46
26.0689	-0.0236256	-0.244185	157715
25.7443	-0.0245792	-0.248015	154331
105.295	-0.283238	-0.109496	23.3406
105.295	-0.283238	-0.109496	23.3406
103.437	-0.306719	-0.201302	20.272
47.885	-0.0630218	-0.0520508	10958.5
28.8439	-0.0286815	-0.281778	130026
28.8439	-0.0286815	-0.281778	130023
109.569	-0.293487	-0.195628	21.5364
108.839	-0.265157	-0.183881	28.5376
105.129	-0.299282	-0.181266	54.2748
38.6043	-0.0532588	-0.0496986	56690.8
21.1484	-0.0160384	-0.19865	241209
18.1889	-0.0126842	-0.212021	339272
109.509	-0.283678	-0.196535	58.6771
108.539	-0.275457	-0.177785	34.9865
105.742	-0.273699	-0.188529	43.0904
37.0031	-0.0498892	-0.0426866	1228.25
22.3925	-0.017685	-0.194687	212723
18.7757	-0.0143011	-0.206424	294821
108.579	-0.273458	-0.184888	16.9629
107.776	-0.294927	-0.160501	56.1417
105.639	-0.27289	-0.19064	12.695
38.6238	-0.0524938	-0.0415139	51799.6
23.9909	-0.0207833	-0.21255	180549
21.805	-0.0190782	-0.216753	208966
107.137	-0.295021	-0.159074	20.1866
106.662	-0.271806	-0.134459	68.9928
104.483	-0.263556	-0.188678	15.2624
43.1242	-0.0566191	-0.0472567	103.037
26.0689	-0.0242255	-0.245865	159159
25.7443	-0.0243192	-0.245696	156345
109.914	-0.287625	-0.202006	388.53
108.754	-0.292392	-0.178917	104.926
106.158	-0.285761	-0.196328	41.7888
35.3506	-0.0488207	-0.0388529	63243.3
22.3602	-0.0168729	-0.184125	219451
16.998	-0.0122051	-0.203161	373688
109.509	-0.273573	-0.196281	37.6511
108.539	-0.292978	-0.171969	57.3757
105.742	-0.264326	-0.193989	25.7184
37.0031	-0.0542088	-0.044149	160.245
22.3925	-0.017786	-0.193591	214018
18.7757	-0.0146004	-0.206275	298506
108.555	-0.271481	-0.179205	34.8174
107.754	-0.2789	-0.155559	69.7921
104.447	-0.27294	-0.184328	13.8018
41.0296	-0.0631792	-0.0520361	464.43
23.3479	-0.0190125	-0.220922	210948
23.0976	-0.0203343	-0.224811	190558
109.569	-0.27429	-0.194916	18.852
108.839	-0.29523	-0.175215	23.1318
105.129	-0.295427	-0.189428	22.0457
38.6043	-0.0553645	-0.052234	47998.4
21.1484	-0.0161621	-0.19681	245210
18.1889	-0.013276	-0.211691	345780
109.013	-0.2901	-0.182311	29.7688
108.42	-0.279259	-0.166929	23.0215
103.823	-0.283742	-0.178795	44.2608
42.1075	-0.0583579	-0.0613653	8346.95
21.4648	-0.0168682	-0.221693	244968
20.9641	-0.0150512	-0.221192	242496
108.574	-0.279515	-0.172445	29.2921
108.574	-0.275068	-0.16765	34.2286
102.604	-0.257084	-0.168052	63.2305
45.1145	-0.0622367	-0.0712024	27744.1
21.2743	-0.0156676	-0.236645	280500
21.2743	-0.0153244	-0.2357	278711
109.935	-0.30273	-0.205055	133.977
109.935	-0.30273	-0.205055	133.976
106.703	-0.306432	-0.192288	137.907
34.3122	-0.0447677	-0.0425327	70589.8
16.6033	-0.0119551	-0.180976	354546
16.6033	-0.0119551	-0.180976	354511
110.232	-0.290488	-0.211691	49.7021
109.773	-0.279272	-0.203777	51.876
107.557	-0.285693	-0.199535	52.9581
31.6542	-0.0416951	-0.0365464	76682
16.9132	-0.0136818	-0.166577	297507
16.2548	-0.0117565	-0.167441	363888
109.517	-0.263562	-0.203572	10.6264
109.105	-0.2801	-0.19197	170.603
107.81	-0.334964	-0.202489	19.5668
32.1612	-0.0411735	-0.0330368	78930.5
19.0053	-0.0170979	-0.175503	232702
18.9313	-0.0159473	-0.17329	249796
108.016	-0.275522	-0.166698	41.8659
108.016	-0.275522	-0.166698	41.8659
107.226	-0.336408	-0.219183	14.7001
36.523	-0.0438907	-0.0366981	6378.11
22.1922	-0.0209729	-0.204175	186931
22.1922	-0.0209729	-0.204175	186932
110.735	-0.297816	-0.220067	18.5694
110.115	-0.290219	-0.210074	96.1082
108.469	-0.317665	-0.208859	10.3767
28.2192	-0.0364457	-0.0305562	91960.4
16.2397	-0.0127993	-0.142956	312631
13.3805	-0.00931366	-0.157632	511329
110.487	-0.282286	-0.217939	33.2094
109.832	-0.278729	-0.201748	46.1995
108.614	-0.28928	-0.213227	22.475
28.189	-0.0359032	-0.0291234	93815.2
17.211	-0.0142486	-0.146056	277758
14.7337	-0.0115886	-0.155547	386748
109.517	-0.281336	-0.202915	19.389
109.105	-0.268664	-0.18382	19.882
107.81	-0.272012	-0.210769	18.6707
32.1612	-0.041726	-0.0340767	78416.5
19.0053	-0.0169453	-0.173754	237620
18.9313	-0.0164113	-0.174211	251632
110.735	-0.272532	-0.219752	122.517
110.115	-0.288659	-0.20297	57.937
108.469	-0.278653	-0.215641	34.8106
28.2192	-0.0357183	-0.0319154	87560.8
16.2397	-0.0127974	-0.141907	316325
13.3805	-0.00958409	-0.157415	516662
110.232	-0.283287	-0.209379	283.079
109.773	-0.271166	-0.195436	183.659
107.557	-0.263384	-0.20919	42.9732
31.6542	-0.0423319	-0.0386466	75392.9
16.9132	-0.0137323	-0.164992	307740
16.2548	-0.0125727	-0.167253	282030
109.935	-0.279114	-0.201717	204.325
109.935	-0.282147	-0.196658	242.481
106.703	-0.265744	-0.202509	83.3074
34.3122	-0.0452622	-0.0452464	71173.6
16.6033	-0.0125511	-0.180189	367096
16.6033	-0.012211	-0.179494	364306
111.073	-0.286169	-0.22831	35.0624
111.073	-0.286169	-0.22831	35.0624
109.678	-0.316595	-0.2165	223.977
23.0994	-0.0287865	-0.0246746	124431
11.3624	-0.00838228	-0.121465	549402
11.3624	-0.00838228	-0.121465	549339
111.131	-0.272227	-0.230914	138.952
110.887	-0.272494	-0.225996	119.406
110.152	-0.295193	-0.22039	31.1574
21.2464	-0.0263927	-0.0213171	140900
12.0497	-0.0102327	-0.110678	422146
11.5537	-0.00899507	-0.111737	499624
110.201	-0.279416	-0.209362	194.738
110.201	-0.279416	-0.209362	194.739
109.928	-0.317208	-0.232813	19.1075
24.6446	-0.0305309	-0.0232764	116173
15.0245	-0.0135123	-0.132041	309521
15.0245	-0.0135123	-0.132041	309522
111.521	-0.272691	-0.236406	86.2212
111.149	-0.287994	-0.227046	18.5795
110.604	-0.318749	-0.22897	21.5645
18.4103	-0.0229264	-0.0182106	166819
10.8757	-0.00896474	-0.0911364	474305
8.68887	-0.0060082	-0.104139	902359
111.131	-0.268205	-0.229212	129.246
110.887	-0.28074	-0.217775	230.696
110.152	-0.26512	-0.229949	24.5041
21.2464	-0.0265138	-0.0224057	142205
12.0497	-0.0101322	-0.109527	428947
11.5537	-0.00927355	-0.111933	502633
111.073	-0.298797	-0.220043	78.6036
111.073	-0.295919	-0.225327	68.3469
109.678	-0.283506	-0.227108	24.2313
23.0994	-0.0293492	-0.0264849	125595
11.3624	-0.00843422	-0.120427	557894
11.3624	-0.00865529	-0.120877	563769
111.823	-0.269055	-0.243193	134.614
111.823	-0.269055	-0.243193	134.615
111.481	-0.294468	-0.231118	54.0558
11.6168	-0.0142781	-0.0112549	290320
5.76607	-0.00433585	-0.0608745	1.17828e+06
5.76607	-0.00433585	-0.0608745	1.17826e+06
111.602	-0.279859	-0.235466	98.3783
111.602	-0.279859	-0.235466	98.3786
111.546	-0.283863	-0.241323	29.6755
12.4123	-0.0151483	-0.0112637	279772
7.57411	-0.00662925	-0.0646931	688135
7.57411	-0.00662925	-0.0646931	688132
111.823	-0.294627	-0.240445	227.2
111.823	-0.299938	-0.235022	184.711
111.481	-0.293367	-0.242004	489.429
11.6168	-0.0142922	-0.0121596	294012
5.76607	-0.00430863	-0.0603394	1.17059e+06
5.76607	-0.00442814	-0.0605598	1.18345e+06
112.084	-0.286278	-0.244249	160.372
112.084	-0.286277	-0.244249	160.372
112.084	-0.286277	-0.244249	160.372
0	0	0	0
0	0	0	0
0	0	0	0
