720 Out of 20250 QH, Third, Fourth Freq in rad/ps and Lifetimes in ps for a 15x15x15 Si Lattice at 5K. (atoms/UC=2)
105.47	-0.273245	-0.105037	35.3495
105.47	-0.273245	-0.105037	35.3495
85.5665	-0.217455	0.0947239	19.4351
72.3964	-0.10805	-0.301037	38.0787
29.3646	-0.0194843	-0.347565	167035
29.3646	-0.0194843	-0.347565	167241
105.517	-0.256506	-0.104506	25.6177
105.224	-0.263346	-0.100572	19.9612
87.1767	-0.19617	0.0342976	14.1331
70.0013	-0.117493	-0.24047	27.3667
30.6557	-0.0211751	-0.337888	148617
29.8138	-0.0210178	-0.347893	153407
105.187	-0.245743	-0.0948496	26.1737
104.463	-0.237937	-0.085102	22.7747
88.5801	-0.187383	-0.0119172	32.9466
67.1552	-0.103329	-0.190441	15.5375
34.4873	-0.0251623	-0.332321	72366.4
31.2602	-0.0249526	-0.356896	125698
104.341	-0.258738	-0.0759436	14.3581
103.283	-0.241707	-0.0598147	42.0497
89.589	-0.208264	-0.0468277	13.5936
64.9949	-0.122685	-0.141568	36.036
38.9123	-0.0298325	-0.354864	425.829
33.4285	-0.0303215	-0.375193	99482.4
102.923	-0.253609	-0.0464965	39.5126
101.846	-0.255306	-0.0271619	34.5152
90.0962	-0.15485	-0.0765075	8.70622
65.1165	-0.107999	-0.0973669	36.7925
41.7286	-0.0360796	-0.402064	23451.5
35.9395	-0.0361394	-0.401813	79677
101.091	-0.231835	-0.00501342	29.9719
100.38	-0.226248	0.00852069	14.4905
89.8934	-0.210846	-0.10608	9.97822
68.2106	-0.121292	-0.085059	65.1526
42.0785	-0.0436208	-0.439259	1493.46
38.3789	-0.0415757	-0.43326	45374.6
99.3636	-0.223326	0.0408208	27.0017
99.1544	-0.240762	0.040551	40.9159
88.5368	-0.169605	-0.131287	7.47257
72.8752	-0.124539	-0.0966334	69.9751
41.452	-0.0482613	-0.462964	1351.1
40.34	-0.0451885	-0.463183	25624.7
98.4356	-0.229777	0.0641631	67.5725
98.4356	-0.229777	0.0641631	67.5724
85.5712	-0.174258	-0.133961	43.7485
77.5194	-0.116928	-0.110983	31.5401
41.4735	-0.0483578	-0.48149	29324.2
41.4735	-0.0483578	-0.48149	29324.1
105.753	-0.267576	-0.111236	58.3706
105.429	-0.259926	-0.104062	14.0202
89.1634	-0.226335	-0.00982141	8.31215
67.4202	-0.14236	-0.197445	12.8681
30.761	-0.0218212	-0.331119	144422
28.7496	-0.0197352	-0.340602	163553
105.721	-0.265916	-0.109233	54.1683
105.022	-0.258283	-0.0956481	22.5133
90.7434	-0.207945	-0.0438851	18.17
64.4667	-0.101	-0.161944	30.9732
33.1728	-0.0247452	-0.323101	116093
29.4269	-0.0219711	-0.340619	144401
105.193	-0.273433	-0.0978807	16.2117
104.122	-0.261523	-0.0765093	35.5379
91.8337	-0.220588	-0.0697521	37.8655
62.0431	-0.101144	-0.12693	28.8135
36.6557	-0.0285407	-0.333138	66380.8
31.4503	-0.0267099	-0.350825	115021
104.046	-0.257142	-0.0762964	32.0407
102.881	-0.257809	-0.0483984	22.1402
92.3883	-0.206061	-0.0904996	5.69292
61.5657	-0.11006	-0.0921264	31.3141
39.3952	-0.0333344	-0.368425	64625.5
34.1264	-0.0324751	-0.372238	51664.4
102.36	-0.248474	-0.0425392	53.774
101.49	-0.244685	-0.0145825	15.5674
92.275	-0.257438	-0.110133	6.72021
63.982	-0.105481	-0.0783592	28.7992
40.1907	-0.0362002	-0.405675	112.172
36.9333	-0.038212	-0.402342	47784.8
100.558	-0.224635	0.000642683	17.6304
100.174	-0.248015	0.0199903	15.2269
91.1499	-0.262359	-0.128873	9.2407
68.2744	-0.104437	-0.0855804	65.2273
40.2048	-0.0428416	-0.436474	1312.58
39.2825	-0.041987	-0.43478	10627.2
99.3636	-0.235392	0.0356314	65.7913
99.1544	-0.232313	0.0475707	34.5364
88.5368	-0.169079	-0.133014	5.2312
72.8752	-0.123654	-0.0966856	45.4564
41.452	-0.0464857	-0.466566	28198.1
40.34	-0.0461853	-0.459518	3137.17
105.973	-0.254797	-0.115776	47.6305
105.1	-0.27049	-0.094153	17.7162
92.3595	-0.237041	-0.0703631	23.2399
61.4536	-0.0985698	-0.134457	75.9485
34.7933	-0.0264265	-0.315924	87214.8
28.2651	-0.0210989	-0.335236	151484
105.821	-0.272022	-0.112721	17.6889
104.65	-0.269906	-0.0826717	48.8387
93.3843	-0.208702	-0.0902178	22.9957
58.9241	-0.100315	-0.105684	26.9892
37.3526	-0.0277458	-0.32464	24644
29.068	-0.0233348	-0.33616	135053
105.102	-0.275889	-0.100272	27.2225
103.803	-0.267515	-0.0624915	52.5746
93.7893	-0.214018	-0.103219	23.941
58.2084	-0.0926	-0.0791526	41.3455
39.2493	-0.0311466	-0.351791	11685.8
31.4402	-0.0276563	-0.346523	108805
103.849	-0.267845	-0.0776072	39.8003
102.701	-0.259459	-0.0365857	33.8364
93.4858	-0.222055	-0.110257	18.5233
60.1981	-0.0958302	-0.0722163	22.7869
39.6762	-0.0357556	-0.379084	26729.3
34.4775	-0.0328403	-0.369293	79038.2
102.36	-0.269008	-0.0440706	20.6471
101.49	-0.245128	-0.00966532	14.8618
92.275	-0.248405	-0.112889	5.63053
63.982	-0.10075	-0.0791317	86.0702
40.1907	-0.0398321	-0.407056	7139.32
36.9333	-0.0385292	-0.400544	27184.8
101.091	-0.239534	-0.00745705	43.0117
100.38	-0.24592	0.0158713	15.0714
89.8934	-0.165161	-0.110178	5.49873
68.2106	-0.112164	-0.0858096	83.5656
42.0785	-0.0430386	-0.442328	8750.77
38.3789	-0.0407723	-0.42986	11585.2
106.092	-0.281614	-0.117965	17.1044
104.743	-0.281918	-0.08082	37.2047
94.2335	-0.224273	-0.104474	43.3448
56.4915	-0.116552	-0.0814996	21.7381
39.0439	-0.0311883	-0.330546	3297.81
27.9983	-0.022432	-0.332306	142670
105.85	-0.26118	-0.113796	33.9634
104.442	-0.273051	-0.072431	25.5081
94.3799	-0.230039	-0.109838	31.2042
56.1115	-0.103826	-0.069771	15.8316
39.7907	-0.0281563	-0.342944	4331.36
28.9438	-0.0241768	-0.33456	130903
105.102	-0.266508	-0.100167	14.2046
103.803	-0.266698	-0.0589475	26.4104
93.7893	-0.206678	-0.105949	22.6538
58.2084	-0.104639	-0.0808871	15.3295
39.2493	-0.0322931	-0.350754	10057.8
31.4402	-0.0279557	-0.346307	105955
104.046	-0.26402	-0.0765511	37.2032
102.881	-0.275288	-0.0416387	21.4027
92.3883	-0.211339	-0.0954297	6.18094
61.5657	-0.108671	-0.0944845	24.5897
39.3952	-0.033525	-0.368389	11539.5
34.1264	-0.0324935	-0.370786	85417.6
102.923	-0.258139	-0.0465613	37.0957
101.846	-0.262561	-0.0194275	16.1883
90.0962	-0.18047	-0.082358	12.8518
65.1165	-0.113416	-0.0995611	28.2686
41.7286	-0.0387261	-0.403985	3331.89
35.9395	-0.0360947	-0.398719	73724.2
106.092	-0.288102	-0.117468	72.5392
104.743	-0.272045	-0.0776685	60.8782
94.2335	-0.188118	-0.107118	14.8741
56.4915	-0.107914	-0.0836783	71.951
39.0439	-0.0282049	-0.328891	6250.75
27.9983	-0.0227622	-0.332256	141890
105.821	-0.278348	-0.111878	47.5118
104.65	-0.269117	-0.076738	18.909
93.3843	-0.193032	-0.0950722	14.4237
58.9241	-0.108463	-0.109162	49.0662
37.3526	-0.0291284	-0.322275	6524.63
29.068	-0.0238943	-0.336009	133433
105.193	-0.273092	-0.0967617	11.8233
104.122	-0.267583	-0.0686633	16.3013
91.8337	-0.218062	-0.0761098	22.5637
62.0431	-0.10027	-0.13088	24.7652
36.6557	-0.0291802	-0.331508	46844.2
31.4503	-0.0271462	-0.349892	110438
104.341	-0.258781	-0.0742083	28.3728
103.283	-0.259263	-0.0517144	28.7109
89.589	-0.182478	-0.0537553	7.53905
64.9949	-0.117511	-0.145425	24.9487
38.9123	-0.0362903	-0.355441	342.424
33.4285	-0.0304826	-0.372387	96385.9
105.973	-0.268758	-0.114366	112.009
105.1	-0.2856	-0.0863538	25.7827
92.3595	-0.201549	-0.0767187	10.0966
61.4536	-0.107976	-0.138927	68.3141
34.7933	-0.0263315	-0.312993	79943.2
28.2651	-0.0219636	-0.335107	148179
105.721	-0.262926	-0.10721	48.1796
105.022	-0.259229	-0.0868248	22.9872
90.7434	-0.20648	-0.0511792	15.8536
64.4667	-0.10815	-0.166852	53.0043
33.1728	-0.0253896	-0.320433	55992.5
29.4269	-0.0228184	-0.340192	140054
105.187	-0.258708	-0.0917436	14.3457
104.463	-0.257492	-0.0767062	24.8661
88.5801	-0.174658	-0.0195373	32.2311
67.1552	-0.121064	-0.195386	41.502
34.4873	-0.027162	-0.332047	3959.63
31.2602	-0.0252868	-0.354319	80841.6
105.753	-0.274366	-0.109141	62.0466
105.429	-0.27918	-0.0940366	17.5075
89.1634	-0.181727	-0.0176872	27.3353
67.4202	-0.12693	-0.202829	20.0338
30.761	-0.022289	-0.328026	140753
28.7496	-0.0208491	-0.34044	156004
105.517	-0.256555	-0.100445	29.8821
105.224	-0.265241	-0.0919884	18.9194
87.1767	-0.143241	0.0262233	12.407
70.0013	-0.124953	-0.245983	33.076
30.6557	-0.0222777	-0.33716	141666
29.8138	-0.0215981	-0.345465	147877
105.47	-0.258321	-0.100541	37.5622
105.47	-0.261308	-0.0963936	21.8247
85.5665	-0.176516	0.086418	28.6529
72.3964	-0.115575	-0.30674	44.7572
29.3646	-0.0204639	-0.346679	157686
29.3646	-0.0201949	-0.345193	159900
106.098	-0.238025	-0.12004	18.7685
106.098	-0.238025	-0.12004	18.7685
91.4888	-0.248667	-0.0431758	91.0116
64.7507	-0.122161	-0.166349	36.8895
27.9046	-0.0186879	-0.326218	174547
27.9046	-0.0186879	-0.326218	174770
106.417	-0.261102	-0.125754	24.6832
105.901	-0.271581	-0.117662	64.417
93.3052	-0.230411	-0.070023	31.9258
61.7077	-0.101953	-0.1407	37.859
28.4916	-0.0195488	-0.311548	162478
28.2014	-0.0203703	-0.320178	158771
106.179	-0.265916	-0.120811	23.4388
105.186	-0.266224	-0.104233	20.7683
94.5915	-0.226853	-0.0907955	21.3033
59.0087	-0.0757591	-0.116894	16.7745
31.6177	-0.0228708	-0.304315	110201
29.5807	-0.024295	-0.324685	129816
105.226	-0.274915	-0.104366	8.9434
104.044	-0.256376	-0.0807802	35.0162
95.3584	-0.235371	-0.107132	9.9902
57.8888	-0.104737	-0.0909408	38.8479
35.0958	-0.0278184	-0.32511	98968.5
31.7656	-0.0294524	-0.340998	103326
103.551	-0.27296	-0.0728226	16.8292
102.631	-0.245489	-0.0494948	13.4464
95.5495	-0.212509	-0.123842	11.3765
59.5991	-0.0853362	-0.0748243	82.9757
37.064	-0.0345183	-0.363248	74496.5
34.3575	-0.0348347	-0.368117	58280.7
101.489	-0.255054	-0.0218104	22.9568
101.168	-0.249697	-0.0143544	26.5993
94.8677	-0.248743	-0.147287	8.79013
63.6788	-0.0998827	-0.0783714	153.32
37.8474	-0.0395217	-0.399749	25472.4
36.9222	-0.040145	-0.402256	46343.5
99.9213	-0.26443	0.0218872	14.8465
99.9213	-0.26443	0.0218872	14.8465
92.5962	-0.206441	-0.157386	7.00652
68.4975	-0.107477	-0.0893127	112.489
39.0379	-0.0437457	-0.435027	48998.5
39.0379	-0.0437457	-0.435027	48997.9
106.838	-0.273714	-0.135881	25.1942
106.262	-0.259657	-0.124978	40.1942
95.2582	-0.235516	-0.0925931	4.1836
58.5808	-0.0995475	-0.120528	58.4539
28.679	-0.0206607	-0.29834	153409
26.1919	-0.0180072	-0.30822	182683
106.914	-0.273883	-0.137574	22.9812
105.927	-0.274144	-0.118597	39.4642
96.6084	-0.262004	-0.110576	13.0917
55.6945	-0.0975847	-0.101639	30.0202
30.6066	-0.0229511	-0.289339	131446
26.6446	-0.0198816	-0.303357	163627
106.325	-0.264144	-0.1286	22.3266
105.083	-0.26888	-0.10113	23.587
97.384	-0.240714	-0.123553	17.7775
54.1597	-0.0846628	-0.0815216	53.5257
33.2263	-0.0260262	-0.300615	108118
28.767	-0.0244624	-0.310405	128665
104.989	-0.273625	-0.106954	17.648
103.883	-0.270361	-0.0744151	25.6582
97.5526	-0.241133	-0.133517	16.2553
55.2843	-0.0772812	-0.0678753	37.8534
35.0308	-0.0305891	-0.330428	49009.3
31.6397	-0.02996	-0.331687	96202.1
103.139	-0.247199	-0.0694033	34.3571
102.509	-0.266167	-0.0412749	33.6582
96.8998	-0.236367	-0.145023	9.03105
58.9539	-0.0864596	-0.0699544	115.048
36.0257	-0.0359722	-0.364937	66638.8
34.6001	-0.0353917	-0.363707	78831.4
101.489	-0.241013	-0.0256775	36.0377
101.168	-0.256193	-0.00702494	24.9
94.8677	-0.228961	-0.150351	40.8207
63.6788	-0.0978215	-0.0788129	57.2999
37.8474	-0.0401485	-0.402831	65400.3
36.9222	-0.0397225	-0.398942	57178.4
107.33	-0.274915	-0.145973	25.8944
106.088	-0.268194	-0.11965	46.1803
97.9137	-0.242087	-0.127043	28.8216
52.6564	-0.0867967	-0.0846519	30.4964
31.9429	-0.0236479	-0.278843	123815
24.9953	-0.0184368	-0.296404	181673
107.177	-0.261189	-0.144221	35.9434
105.72	-0.281587	-0.110248	69.7769
98.5426	-0.240695	-0.137457	12.6842
50.9996	-0.0814619	-0.0679584	93.3585
33.68	-0.024833	-0.286625	86132.4
25.7526	-0.0203733	-0.295578	162764
106.343	-0.266852	-0.131836	20.9227
104.95	-0.277279	-0.0926519	30.5078
98.4659	-0.244393	-0.140413	14.0416
51.9658	-0.0816311	-0.0623582	157.706
34.5381	-0.0275235	-0.30584	39777.6
28.3319	-0.0246944	-0.305718	128986
104.989	-0.278005	-0.10755	21.8325
103.883	-0.276489	-0.0694674	17.1605
97.5526	-0.2351	-0.137137	19.2237
55.2843	-0.0739945	-0.0690218	43.3039
35.0308	-0.0311883	-0.330478	53815.1
31.6397	-0.0299592	-0.330868	96115.5
103.551	-0.271891	-0.0735872	21.4334
102.631	-0.265529	-0.0417764	14.4573
95.5495	-0.248016	-0.129656	14.6268
59.5991	-0.0970048	-0.076284	174.142
37.064	-0.0351729	-0.365442	46858.1
34.3575	-0.0347194	-0.365098	75562.3
107.502	-0.275093	-0.149146	97.885
105.926	-0.285657	-0.11169	54.7094
98.9196	-0.266935	-0.144001	4.68244
49.6497	-0.101143	-0.0603184	199.619
34.1979	-0.0233616	-0.283426	29836.1
24.5642	-0.0189977	-0.292237	180007
107.177	-0.260123	-0.14385	21.407
105.72	-0.279897	-0.106469	55.7371
98.5426	-0.214069	-0.14072	14.6048
50.9996	-0.0835027	-0.0697986	203.137
33.68	-0.0249654	-0.285274	88764.4
25.7526	-0.0206952	-0.295466	162435
106.325	-0.2685	-0.12814	19.0554
105.083	-0.278352	-0.0940641	38.2458
97.384	-0.248	-0.129463	14.2085
54.1597	-0.0818868	-0.0842683	102.438
33.2263	-0.0267853	-0.299234	68353.8
28.767	-0.0248561	-0.309818	127921
105.226	-0.264686	-0.103143	12.1985
104.044	-0.277012	-0.0726963	16.3439
95.3584	-0.219589	-0.114358	13.8011
57.8888	-0.0909185	-0.0938829	58.402
35.0958	-0.0310688	-0.326014	11692.7
31.7656	-0.0295205	-0.338259	102171
107.33	-0.247638	-0.145067	24.1894
106.088	-0.288645	-0.113102	20.7896
97.9137	-0.256712	-0.13273	10.9608
52.6564	-0.0966291	-0.0878945	33.2911
31.9429	-0.0240106	-0.276519	122696
24.9953	-0.0191055	-0.296224	180509
106.914	-0.272281	-0.136211	36.3692
105.927	-0.266816	-0.110158	26.8818
96.6084	-0.234437	-0.117865	25.1453
55.6945	-0.0890196	-0.105564	84.491
30.6066	-0.0234145	-0.286872	129878
26.6446	-0.0206973	-0.303026	161607
106.179	-0.274316	-0.118184	37.3384
105.186	-0.256664	-0.0958597	25.5173
94.5915	-0.19941	-0.0988005	10.237
59.0087	-0.0919182	-0.121043	55.6825
31.6177	-0.0245093	-0.304184	30269.6
29.5807	-0.0246297	-0.322173	125988
106.838	-0.262676	-0.134205	30.4685
106.262	-0.260582	-0.11526	19.3016
95.2582	-0.215724	-0.100702	2.69208
58.5808	-0.0927084	-0.125106	54.6115
28.679	-0.0211623	-0.295489	152362
26.1919	-0.0190672	-0.307955	177101
106.417	-0.27275	-0.122069	32.5999
105.901	-0.284089	-0.10911	13.222
93.3052	-0.175129	-0.0784732	15.3393
61.7077	-0.103439	-0.145567	58.3364
28.4916	-0.0209265	-0.310843	118160
28.2014	-0.0208835	-0.317822	151097
106.098	-0.267735	-0.115722	22.328
106.098	-0.286308	-0.111445	28.4395
91.4888	-0.207105	-0.051799	79.7256
64.7507	-0.107747	-0.1716	20.4792
27.9046	-0.0197494	-0.325307	163996
27.9046	-0.0194321	-0.32393	167143
107.211	-0.258452	-0.14578	16.9525
107.211	-0.258452	-0.14578	16.9525
97.4667	-0.257778	-0.112139	74.4985
55.3453	-0.0867392	-0.104556	256.478
25.1291	-0.0171687	-0.287577	193753
25.1291	-0.0171687	-0.287577	193991
107.664	-0.275618	-0.154645	14.5331
107.046	-0.275486	-0.144682	74.1796
99.0224	-0.257034	-0.128309	45.506
52.2187	-0.0844262	-0.0901609	564.202
25.3309	-0.0188995	-0.276635	174353
25.1632	-0.0173462	-0.270994	190059
107.376	-0.280803	-0.151423	19.9949
106.364	-0.293963	-0.132632	21.8309
99.9968	-0.277375	-0.139955	24.3953
50.1367	-0.0708423	-0.0758902	30.9157
27.7636	-0.0204318	-0.265499	152604
26.7558	-0.0226879	-0.278915	141347
106.219	-0.271428	-0.134308	21.8629
105.253	-0.268554	-0.110556	27.145
100.42	-0.253886	-0.148587	29.5188
50.4633	-0.075624	-0.062933	260.271
30.5837	-0.0256799	-0.286572	113076
29.0861	-0.0274748	-0.295851	112864
104.298	-0.26152	-0.0948916	26.9089
103.866	-0.273924	-0.0805477	18.8906
100.177	-0.285125	-0.163369	12.6169
53.7087	-0.083492	-0.0614773	50.4385
32.5247	-0.0313964	-0.321682	28264.4
31.8677	-0.0323019	-0.325617	55713
102.417	-0.254873	-0.0427413	86.6964
102.417	-0.254873	-0.0427413	86.6963
98.5578	-0.271915	-0.180198	32.3217
58.5851	-0.0793893	-0.0695645	83.9634
34.6271	-0.036355	-0.361919	72993
34.6271	-0.036355	-0.361919	72991.1
108.195	-0.280189	-0.165973	45.0499
107.478	-0.287058	-0.153684	68.0604
100.684	-0.256555	-0.143848	35.985
48.8376	-0.0711304	-0.0777165	709.915
25.3873	-0.0186684	-0.252147	172314
22.573	-0.015632	-0.263517	221722
108.255	-0.280594	-0.168445	29.5738
107.175	-0.287696	-0.148118	47.8791
101.689	-0.267881	-0.155304	33.8336
46.3842	-0.077882	-0.0656674	137.037
26.9393	-0.0204867	-0.244538	148162
22.947	-0.0172118	-0.2569	199801
107.513	-0.277394	-0.159147	53.4354
106.369	-0.283061	-0.13137	24.1441
102.072	-0.252655	-0.161746	40.873
46.1948	-0.0626349	-0.0556194	148.562
28.8978	-0.0237816	-0.258269	114815
25.331	-0.0215611	-0.263775	132003
106.005	-0.269645	-0.135035	20.8562
105.215	-0.272518	-0.105238	39.7585
101.725	-0.289637	-0.166096	13.5536
48.9966	-0.0660086	-0.0551298	333.102
30.4332	-0.0284203	-0.286766	91059.4
28.5982	-0.0260657	-0.287551	1763.72
104.298	-0.269174	-0.0971816	25.7909
103.866	-0.267028	-0.0728941	11.8572
100.177	-0.248283	-0.168209	8.3748
53.7087	-0.0748779	-0.0621879	82.7621
32.5247	-0.0323547	-0.324098	80578.9
31.8677	-0.0320612	-0.322768	92880.3
108.72	-0.263799	-0.176277	28.2072
107.363	-0.28637	-0.149773	49.978
102.59	-0.268396	-0.167012	30.6589
43.7413	-0.0652957	-0.0547175	1355.22
27.751	-0.0204811	-0.233143	106955
21.0921	-0.0153655	-0.250803	235908
108.47	-0.278301	-0.173356	32.7027
107.067	-0.288516	-0.141732	28.5977
102.738	-0.253387	-0.171009	7.47687
43.5505	-0.0608761	-0.0505167	231.945
28.5149	-0.0214281	-0.238994	139764
22.1175	-0.0172919	-0.250914	205513
107.513	-0.267636	-0.15917	42.7381
106.369	-0.282439	-0.12614	25.8936
102.072	-0.252329	-0.166229	8.22538
46.1948	-0.0677616	-0.0569908	953.587
28.8978	-0.0240835	-0.257485	67543
25.331	-0.0219086	-0.263499	151876
106.219	-0.272999	-0.133732	13.7613
105.253	-0.257682	-0.102529	31.7152
100.42	-0.260244	-0.155939	13.8942
50.4633	-0.0705479	-0.0648446	260.121
30.5837	-0.0265315	-0.287866	77243.9
29.0861	-0.027329	-0.293273	108500
108.72	-0.275439	-0.175863	49.4765
107.363	-0.282787	-0.145359	18.9128
102.59	-0.257378	-0.171063	22.1248
43.7413	-0.0663618	-0.0564387	1049.58
27.751	-0.0206294	-0.231826	83863.3
21.0921	-0.0157122	-0.250659	235491
108.255	-0.264275	-0.167683	40.1614
107.175	-0.27622	-0.140449	14.9499
101.689	-0.278632	-0.162228	15.8765
46.3842	-0.0756546	-0.0684365	156.847
26.9393	-0.0207821	-0.242605	151100
22.947	-0.0178175	-0.256635	199216
107.376	-0.272815	-0.149299	47.9528
106.364	-0.295265	-0.124314	19.392
99.9968	-0.284754	-0.148351	5.6432
50.1367	-0.0774466	-0.0790624	159.883
27.7636	-0.0214985	-0.265617	108938
26.7558	-0.0229614	-0.276562	120869
108.195	-0.252922	-0.164792	22.6749
107.478	-0.264507	-0.144335	13.124
100.684	-0.216147	-0.152131	33.7143
48.8376	-0.073734	-0.0813142	452.048
25.3873	-0.0189891	-0.249714	172658
22.573	-0.0165166	-0.263178	215745
107.664	-0.27168	-0.15141	11.4342
107.046	-0.280262	-0.136194	9.82174
99.0224	-0.226528	-0.137257	23.4513
52.2187	-0.0788355	-0.0941584	354.16
25.3309	-0.0193569	-0.274441	167954
25.1632	-0.0183026	-0.270363	170956
107.211	-0.29203	-0.14176	10.5992
107.211	-0.289678	-0.137253	11.8671
97.4667	-0.25817	-0.121345	23.5557
55.3453	-0.109198	-0.109028	70.1135
25.1291	-0.0179777	-0.286645	183987
25.1291	-0.0176313	-0.285462	184555
108.574	-0.288353	-0.176017	18.7698
108.574	-0.288353	-0.176017	18.7698
102.604	-0.279421	-0.1582	336.817
45.1145	-0.0652304	-0.0675734	4128.98
21.2743	-0.0149079	-0.237426	234263
21.2743	-0.0149079	-0.237426	234508
109.013	-0.286533	-0.184966	72.8589
108.42	-0.295369	-0.175253	20.3675
103.823	-0.29527	-0.169287	72.7375
42.1075	-0.0518134	-0.0582748	82.8527
21.4648	-0.0166315	-0.223525	206278
20.9641	-0.0146722	-0.221554	239814
108.555	-0.25922	-0.180681	30.0081
107.754	-0.284363	-0.16371	58.0554
104.447	-0.306409	-0.175614	8.5731
41.0296	-0.056263	-0.0498821	683.946
23.3479	-0.0180782	-0.220345	180928
23.0976	-0.0201975	-0.226806	164987
107.137	-0.265772	-0.158298	14.0321
106.662	-0.276908	-0.142325	70.8117
104.483	-0.278996	-0.181855	17.5944
43.1242	-0.0558823	-0.0463308	750.506
26.0689	-0.0236063	-0.244077	135856
25.7443	-0.0245587	-0.247905	131674
105.295	-0.276164	-0.109423	22.206
105.295	-0.276164	-0.109423	22.206
103.437	-0.314996	-0.201141	13.5381
47.885	-0.0618256	-0.0520271	2294.78
28.8439	-0.0286576	-0.281649	108450
28.8439	-0.0286576	-0.281649	108446
109.569	-0.293434	-0.195511	18.469
108.839	-0.268914	-0.18382	23.9547
105.129	-0.300666	-0.181159	39.012
38.6043	-0.0531789	-0.0496791	27839.1
21.1484	-0.0160254	-0.198564	212186
18.1889	-0.0126726	-0.211911	297704
109.509	-0.283129	-0.196436	62.672
108.539	-0.273687	-0.177718	34.9643
105.742	-0.272826	-0.188458	33.4872
37.0031	-0.0527012	-0.042667	177.596
22.3925	-0.0176709	-0.194607	179976
18.7757	-0.0142885	-0.206321	259201
108.579	-0.272198	-0.184801	20.5352
107.776	-0.29247	-0.160404	42.9451
105.639	-0.276504	-0.190556	12.6538
38.6238	-0.0522869	-0.0414952	10742.3
23.9909	-0.0207666	-0.212461	154901
21.805	-0.0190622	-0.216653	181082
107.137	-0.29598	-0.158963	14.9012
106.662	-0.269864	-0.134392	54.7535
104.483	-0.262328	-0.188602	14.4447
43.1242	-0.0570518	-0.0472351	31.4769
26.0689	-0.0242056	-0.245756	133194
25.7443	-0.0242991	-0.245586	133521
109.914	-0.287789	-0.201895	235.484
108.754	-0.292335	-0.178829	77.9214
106.158	-0.287876	-0.19622	31.0217
35.3506	-0.0487449	-0.0388376	15161.9
22.3602	-0.0168585	-0.184052	186330
16.998	-0.0121937	-0.203051	327062
109.509	-0.272921	-0.196187	46.2174
108.539	-0.292809	-0.171873	50.8308
105.742	-0.264891	-0.193912	23.0861
37.0031	-0.0677767	-0.0441117	58.7507
22.3925	-0.0177717	-0.193511	176480
18.7757	-0.0145875	-0.206172	259103
108.555	-0.269107	-0.179124	36.8949
107.754	-0.278877	-0.155476	49.4686
104.447	-0.270705	-0.184235	11.932
41.0296	-0.0608546	-0.05201	560.398
23.3479	-0.0189912	-0.220821	134536
23.0976	-0.0203195	-0.224708	107259
109.569	-0.271662	-0.194822	12.8584
108.839	-0.297827	-0.175108	23.6712
105.129	-0.297215	-0.189288	19.247
38.6043	-0.0551592	-0.0522131	8227.3
21.1484	-0.0161491	-0.196724	214861
18.1889	-0.0132638	-0.21158	296054
109.013	-0.290294	-0.182194	25.952
108.42	-0.279161	-0.166841	24.8158
103.823	-0.284558	-0.178678	33.1274
42.1075	-0.0588708	-0.0613431	661.475
21.4648	-0.0168537	-0.221588	208666
20.9641	-0.0150245	-0.221088	68117.9
108.574	-0.274291	-0.172355	34.8682
108.574	-0.271498	-0.167571	40.6414
102.604	-0.25385	-0.167974	43.5146
45.1145	-0.0619115	-0.07118	2633.16
21.2743	-0.0156536	-0.236526	233355
21.2743	-0.0153108	-0.235581	234702
109.935	-0.303716	-0.204932	89.7811
109.935	-0.303716	-0.204932	89.7813
106.703	-0.30623	-0.192185	108.263
34.3122	-0.0447236	-0.0425164	50813.4
16.6033	-0.0119445	-0.180887	314679
16.6033	-0.0119445	-0.180887	314914
110.232	-0.295204	-0.211572	41.1934
109.773	-0.282827	-0.203682	38.6764
107.557	-0.286189	-0.199471	35.3526
31.6542	-0.0415943	-0.0365315	32717
16.9132	-0.0136703	-0.166502	265464
16.2548	-0.0117465	-0.167361	323898
109.517	-0.268872	-0.203486	8.59481
109.105	-0.280899	-0.191878	107.809
107.81	-0.331732	-0.202324	15.7792
32.1612	-0.0411281	-0.0330219	54059.6
19.0053	-0.017084	-0.175428	205029
18.9313	-0.0159345	-0.173215	222027
108.016	-0.275303	-0.166619	36.888
108.016	-0.275303	-0.166619	36.8879
107.226	-0.33523	-0.218987	12.2974
36.523	-0.0404451	-0.0366863	941.197
22.1922	-0.0209555	-0.204086	146408
22.1922	-0.0209555	-0.204086	146401
110.735	-0.295991	-0.219943	15.2271
110.115	-0.290827	-0.209968	70.8623
108.469	-0.332018	-0.208687	5.83606
28.2192	-0.0363867	-0.0305442	57161.2
16.2397	-0.0127892	-0.142897	281319
13.3805	-0.00930503	-0.157548	452923
110.487	-0.283399	-0.217826	30.2658
109.832	-0.279089	-0.201667	36.7941
108.614	-0.287119	-0.213133	26.2071
28.189	-0.0358598	-0.0291118	57288.9
17.211	-0.0142372	-0.145997	245279
14.7337	-0.0115785	-0.155472	341825
109.517	-0.281946	-0.202814	19.2227
109.105	-0.272497	-0.183746	19.9722
107.81	-0.275692	-0.210679	19.2032
32.1612	-0.04166	-0.0340613	45638.4
19.0053	-0.0169316	-0.173679	205426
18.9313	-0.016398	-0.174136	217977
110.735	-0.270954	-0.219656	73.7033
110.115	-0.286966	-0.202874	48.497
108.469	-0.275603	-0.215546	40.8358
28.2192	-0.0355714	-0.0319047	22940
16.2397	-0.0127873	-0.141849	283977
13.3805	-0.00957521	-0.157331	449679
110.232	-0.283386	-0.209268	142.867
109.773	-0.270059	-0.195361	96.4625
107.557	-0.263562	-0.209125	31.6849
31.6542	-0.0422122	-0.0386313	24760.2
16.9132	-0.0137208	-0.164918	268972
16.2548	-0.0125744	-0.16717	72833.3
109.935	-0.280037	-0.201609	99.7473
109.935	-0.282432	-0.196558	112.75
106.703	-0.265411	-0.202438	54.4679
34.3122	-0.045205	-0.0452302	37038
16.6033	-0.0125417	-0.180099	276665
16.6033	-0.0122013	-0.179405	290830
111.073	-0.290205	-0.228196	34.9684
111.073	-0.290205	-0.228196	34.9683
109.678	-0.316397	-0.216383	225.124
23.0994	-0.028766	-0.0246652	96119
11.3624	-0.00837491	-0.121407	492447
11.3624	-0.00837491	-0.121407	492632
111.131	-0.27232	-0.230819	73.4322
110.887	-0.27207	-0.225916	65.2943
110.152	-0.296327	-0.220288	27.5584
21.2464	-0.026379	-0.0213081	122878
12.0497	-0.0102244	-0.110632	378823
11.5537	-0.00898762	-0.111687	449840
110.201	-0.278423	-0.209275	93.825
110.201	-0.278423	-0.209275	93.8242
109.928	-0.321785	-0.232638	18.0358
24.6446	-0.03046	-0.0232649	62594.2
15.0245	-0.0135015	-0.131986	274663
15.0245	-0.0135015	-0.131986	274652
111.521	-0.273184	-0.236309	59.8051
111.149	-0.290793	-0.226933	21.4859
110.604	-0.319249	-0.228816	22.2732
18.4103	-0.0229107	-0.0182035	135291
10.8757	-0.00895776	-0.0911003	431378
8.68887	-0.00600254	-0.104083	791202
111.131	-0.267214	-0.22913	68.9129
110.887	-0.280589	-0.217681	134.903
110.152	-0.266521	-0.229877	22.8082
21.2464	-0.0265001	-0.0223967	123348
12.0497	-0.0101239	-0.109481	384190
11.5537	-0.00926586	-0.111883	440470
111.073	-0.300439	-0.219909	44.5777
111.073	-0.298755	-0.225184	37.393
109.678	-0.288037	-0.226997	26.9773
23.0994	-0.0293204	-0.0264752	77505.7
11.3624	-0.00842682	-0.120369	485693
11.3624	-0.00864767	-0.120818	485952
111.823	-0.267845	-0.243106	97.6108
111.823	-0.267845	-0.243106	97.6112
111.481	-0.29625	-0.231012	50.2184
11.6168	-0.0142713	-0.0112505	258927
5.76607	-0.00433205	-0.0608455	1.05845e+06
5.76607	-0.00433205	-0.0608455	1.0585e+06
111.602	-0.27975	-0.235367	66.5038
111.602	-0.27975	-0.235367	66.5036
111.546	-0.287955	-0.24121	34.4914
12.4123	-0.0151413	-0.0112582	244228
7.57411	-0.006624	-0.0646672	619681
7.57411	-0.006624	-0.0646672	619676
111.823	-0.295423	-0.240311	109.811
111.823	-0.300692	-0.234893	92.3004
111.481	-0.293262	-0.241876	259.151
11.6168	-0.0142853	-0.0121552	258150
5.76607	-0.00430486	-0.0603105	1.03648e+06
5.76607	-0.00442426	-0.0605307	1.03615e+06
112.084	-0.28651	-0.244131	133.357
112.084	-0.28651	-0.244131	133.357
112.084	-0.28651	-0.244131	133.357
0	0	0	0
0	0	0	0
0	0	0	0
