720 Out of 20250 Velocities in m/s for a 15x15x15 Si Lattice.
   -141.5127   -141.5127   -141.5127   -141.2952   -141.2952   -141.2952  -2050.5162  -2050.5162  -2050.5162   2423.5382   2423.5382   2423.5382    319.9673    319.9673    319.9673    322.2405    322.2405    322.2405
   -173.7910   -499.9147   -173.7910     43.2392   -579.6397     43.2392  -2383.6229  -2749.9458  -2383.6229   3215.7315   2833.7619   3215.7315   -429.4785   2805.5517   -429.4785    -20.6604   1229.9759    -20.6604
    -80.4049   -896.8913    -80.4049    182.4571   -921.4707    182.4571  -2345.6508  -3104.9618  -2345.6508   3303.7917   3061.3284   3303.7917   -723.3884   4385.6694   -723.3884   -270.9606   1875.4161   -270.9606
    119.7010  -1232.1107    119.7010    283.1079  -1172.6334    283.1079  -2171.0019  -3332.2004  -2171.0019   2604.5800   3527.3986   2604.5800   -221.2929   4691.0225   -221.2929   -434.8629   2251.1249   -434.8629
    372.5701  -1429.5043    372.5701    325.7597  -1285.4211    325.7597  -1911.8727  -3559.8772  -1911.8727   1141.1993   4484.2439   1141.1993    951.2406   3834.3372    951.2406   -490.1011   2318.7273   -490.1011
    543.6645  -1374.6449    543.6645    293.8875  -1217.7708    293.8875  -1512.1673  -3912.1185  -1512.1673    -33.7454   5373.7245    -33.7454   1616.3110   2612.4344   1616.3110   -429.3851   2077.7813   -429.3851
    418.5377  -1007.7686    418.5377    180.7534   -950.0990    180.7534   -841.7755  -4433.7191   -841.7755   -309.0703   5682.6582   -309.0703   1139.6228   1641.9637   1139.6228   -257.9718   1554.7909   -257.9718
      0.0000   -512.4100      0.6820     -0.0000   -512.4100      0.5992      0.0000  -4891.0336     -1.5242     -0.0000   5540.5657     -0.9658     -0.0000    819.4372      1.0468      0.0000    819.4372      0.8511
   -477.7975   -477.7975   -167.5982   -439.4528   -439.4528    135.6128  -2818.0063  -2818.0063  -2343.1296   3378.2094   3378.2094   3735.1006   1878.7080   1878.7080  -1937.0406   1073.1209   1073.1209    367.3056
   -418.9686   -831.7563    -94.5394   -200.0786   -869.5581    209.4207  -2710.0808  -3074.5728  -2103.3860   3462.8648   3504.9765   3777.2340   1655.0006   3335.8904  -2453.7025    161.6502   2389.4380    297.0704
   -183.9319  -1208.6184     52.1690     -1.8590  -1183.0635    242.1805  -2556.9509  -3250.3539  -1773.8228   2938.9234   3852.7923   3140.6524   1500.7558   4111.9557  -1858.6513   -185.7247   2968.6029    -14.4994
    165.9812  -1503.0107    214.5720    163.7623  -1375.7699    213.4356  -2390.2687  -3414.8411  -1356.3938   1689.3407   4633.1314   1687.3623   1803.1211   3791.8950   -319.5376   -133.0135   3119.9808   -407.1284
    525.3470  -1612.0168    262.5506    277.2536  -1409.5536    117.1167  -2163.7035  -3652.1986   -789.8918    388.3496   5465.0622    348.7574   1990.4094   2891.2417    845.8302     89.7995   2954.7260   -642.1473
    657.9868  -1429.4296      0.0000    306.9658  -1260.0218     -0.0000  -1692.2719  -4032.7963      0.0000   -242.4376   5799.3162     -0.0000   1458.6061   2115.0173      0.0000    283.7257   2475.1284     -0.0000
    418.5377  -1007.7686    419.0798    180.7534   -950.0990    181.2212   -841.7755  -4433.7191   -843.2688   -309.0703   5682.6582   -309.6133   1139.6228   1641.9637   1140.4253   -257.9718   1554.7909   -257.1448
   -756.3761   -756.3761   -112.8728   -638.8028   -638.8028    263.3219  -2946.9471  -2946.9471  -1715.4180   3612.8572   3612.8572   3824.2929   2908.4959   2908.4959  -3043.0368   1709.4389   1709.4389    251.1579
   -535.7024  -1121.0247    -39.2661   -369.5544  -1007.1169    233.9045  -2807.1220  -3115.4468  -1245.1424   3228.1694   3939.4361   3142.2827   2873.5279   3480.5711  -2629.9884    665.9538   3050.4746    159.8366
   -175.2907  -1444.9244     42.4850   -110.0484  -1271.9549    133.1071  -2671.9161  -3260.0229   -683.2804   2247.6641   4581.9743   1507.8946   3014.7926   3327.9349  -1129.8314     22.5311   3758.0090      8.9097
    235.7071  -1637.2641     -0.0000    117.0823  -1413.9931     -0.0000  -2500.6831  -3425.7037      0.0000   1140.8119   5217.7392      0.0000   2842.8016   2894.4027     -0.0000   -110.0672   3779.1972      0.0000
    525.3470  -1612.0168   -262.5506    277.2536  -1409.5536   -117.1167  -2163.7035  -3652.1986    789.8918    388.3496   5465.0622   -348.7574   1990.4094   2891.2417   -845.8302     89.7995   2954.7260    642.1473
    543.6645  -1374.6449    543.7824    293.8875  -1217.7708    294.1808  -1512.1673  -3912.1185  -1513.2420    -33.7454   5373.7245    -33.5957   1616.3110   2612.4344   1616.5321   -429.3851   2077.7813   -428.7208
   -907.0512   -907.0512    -39.7582   -730.4975   -730.4975    149.5910  -2980.4877  -2980.4877   -648.5490   3633.7476   3633.7476   2123.8898   3426.5136   3426.5136  -1923.7019   2062.1678   2062.1678     89.2225
   -567.8695  -1234.0636      0.0000   -420.7875  -1040.0818      0.0000  -2844.7445  -3120.9063     -0.0000   2935.5314   4201.0998      0.0000   3479.2753   3380.2769     -0.0000    844.7582   3278.2478     -0.0000
   -175.2907  -1444.9244    -42.4850   -110.0484  -1271.9549   -133.1071  -2671.9161  -3260.0229    683.2804   2247.6641   4581.9743  -1507.8946   3014.7926   3327.9349   1129.8314     22.5311   3758.0090     -8.9097
    165.9812  -1503.0107   -214.5720    163.7623  -1375.7699   -213.4356  -2390.2687  -3414.8411   1356.3938   1689.3407   4633.1314  -1687.3623   1803.1211   3791.8950    319.5376   -133.0135   3119.9808    407.1284
    372.5701  -1429.5043    372.4267    325.7597  -1285.4211    325.8906  -1911.8727  -3559.8772  -1912.6043   1141.1993   4484.2439   1142.0003    951.2406   3834.3372    950.9446   -490.1011   2318.7273   -489.6674
   -907.0512   -907.0512     39.7582   -730.4975   -730.4975   -149.5910  -2980.4877  -2980.4877    648.5490   3633.7476   3633.7476  -2123.8898   3426.5136   3426.5136   1923.7019   2062.1678   2062.1678    -89.2225
   -535.7024  -1121.0247     39.2661   -369.5544  -1007.1169   -233.9045  -2807.1220  -3115.4468   1245.1424   3228.1694   3939.4361  -3142.2827   2873.5279   3480.5711   2629.9884    665.9538   3050.4746   -159.8366
   -183.9319  -1208.6184    -52.1690     -1.8590  -1183.0635   -242.1805  -2556.9509  -3250.3539   1773.8228   2938.9234   3852.7923  -3140.6524   1500.7558   4111.9557   1858.6513   -185.7247   2968.6029     14.4994
    119.7010  -1232.1107    119.4862    283.1079  -1172.6334    283.1061  -2171.0019  -3332.2004  -2171.4928   2604.5800   3527.3986   2605.0180   -221.2929   4691.0225   -220.9490   -434.8629   2251.1249   -434.7263
   -756.3761   -756.3761    112.8728   -638.8028   -638.8028   -263.3219  -2946.9471  -2946.9471   1715.4180   3612.8572   3612.8572  -3824.2929   2908.4959   2908.4959   3043.0368   1709.4389   1709.4389   -251.1579
   -418.9686   -831.7563     94.5394   -200.0786   -869.5581   -209.4207  -2710.0808  -3074.5728   2103.3860   3462.8648   3504.9765  -3777.2340   1655.0006   3335.8904   2453.7025    161.6502   2389.4380   -297.0704
    -80.4049   -896.8913    -80.5825    182.4571   -921.4707    182.3548  -2345.6508  -3104.9618  -2345.8892   3303.7917   3061.3284   3303.4313   -723.3884   4385.6694   -721.7954   -270.9606   1875.4161   -271.2124
   -477.7975   -477.7975    167.5982   -439.4528   -439.4528   -135.6128  -2818.0063  -2818.0063   2343.1296   3378.2094   3378.2094  -3735.1006   1878.7080   1878.7080   1937.0406   1073.1209   1073.1209   -367.3056
   -173.7910   -499.9147   -173.8807     43.2392   -579.6397     43.0619  -2383.6229  -2749.9458  -2383.4037   3215.7315   2833.7619   3214.5874   -429.4785   2805.5517   -426.3885    -20.6604   1229.9759    -21.7116
   -141.5127    194.4065    -88.6189   -141.2952     88.1632   -194.4272  -2050.5162   2051.8127  -2049.2197   2423.5382  -2425.8781   2421.1983    319.9673   -221.7990    418.1357    322.2405   -418.1071    226.3740
   -390.7851   -390.7851   -390.7851   -390.6006   -390.6006   -390.6006  -2699.9760  -2699.9760  -2699.9760   3814.9026   3814.9026   3814.9026    928.6994    928.6994    928.6994    930.9094    930.9094    930.9094
   -384.3428   -673.3997   -384.3428   -155.5507   -914.9589   -155.5507  -2471.0168  -2934.4215  -2471.0168   3915.1021   3904.6926   3915.1021    204.5426   3207.6306    204.5426    457.0888   2040.3676    457.0888
   -179.6628  -1108.6519   -179.6628    -12.1978  -1255.0182    -12.1978  -2214.0505  -3096.6887  -2214.0505   3494.2583   4186.5578   3494.2583    -91.5973   4618.8374    -91.5973    147.2876   2682.2985    147.2876
    116.5483  -1492.9163    116.5483     92.6749  -1511.6315     92.6749  -1940.2255  -3232.7508  -1940.2255   2322.6254   4873.0958   2322.6254    444.6499   4643.5129    444.6499    -77.2781   3034.1841    -77.2781
    409.8826  -1732.9912    409.8826    139.3218  -1638.6685    139.3218  -1604.2147  -3416.1776  -1604.2147    844.1689   5771.7897    844.1689   1176.4636   3804.3106   1176.4636   -181.9494   3072.5566   -181.9494
    452.7008  -1674.5999    452.7008    110.8781  -1594.7437    110.8781  -1016.9752  -3771.5672  -1016.9752     64.0290   6225.9910     64.0290    992.4480   2962.2654    992.4480   -154.7113   2811.5673   -154.7113
     -0.0000  -1357.8063      0.9714     -0.0000  -1357.8063      0.3809      0.0000  -4211.6105     -2.0475      0.0000   6146.0770     -0.3279     -0.0000   2283.8219      1.4615      0.0000   2283.8219      0.4040
   -614.2477   -614.2477   -409.2346   -700.5416   -700.5416     24.5718  -2723.1964  -2723.1964  -2132.9876   4048.2778   4048.2778   4075.3233   2538.3377   2538.3377  -1541.9024   1544.1080   1544.1080    975.3992
   -452.3973   -992.4322   -251.4784   -421.6998  -1121.0006     99.0263  -2515.5765  -2898.8386  -1758.4300   3770.4190   4331.2757   3728.9689   2455.6486   3674.5017  -2047.4293    344.1800   3097.1835    844.8377
   -112.1741  -1402.4923    -33.4746   -194.1944  -1431.6878    122.3825  -2331.4898  -3036.1730  -1335.5626   2853.9476   4947.5882   2572.8035   2364.9463   4110.9798  -1388.8549   -190.6625   3741.8659    537.0480
    313.4309  -1727.3290    122.2538     -8.6129  -1633.3255     86.6986  -2152.9726  -3183.3708   -796.3206   1495.0024   5789.3813    924.7636   2317.7898   3726.3599   -131.9212   -207.9491   3833.6373    121.7724
    631.3085  -1837.8178     -0.0000    109.0376  -1697.5203     -0.0000  -1834.6327  -3424.1804     -0.0000    496.2404   6266.9215      0.0000   1748.1008   3233.0258      0.0000    -42.6521   3525.9361     -0.0000
    452.7008  -1674.5999    453.2877    110.8781  -1594.7437    111.1146  -1016.9752  -3771.5672  -1018.6817     64.0290   6225.9910     64.1897    992.4480   2962.2654    993.5633   -154.7113   2811.5673   -154.2761
   -807.5557   -807.5557   -220.2560   -835.0361   -835.0361    162.6945  -2720.9157  -2720.9157  -1251.3843   4131.8645   4131.8645   3347.1720   3458.2561   3458.2561  -2325.9594   2092.1731   2092.1731    547.8183
   -475.3372  -1204.1690    -86.1469   -529.6983  -1180.1411    111.9936  -2570.6516  -2875.4324   -678.2453   3420.7189   4730.9038   1934.2998   3414.1528   3812.0989  -1445.8180    829.0346   3492.8281    296.8322
    -54.5215  -1541.1188      0.0000   -243.6275  -1454.2546     -0.0000  -2415.4333  -3014.8356     -0.0000   2376.7857   5427.7486     -0.0000   3186.1748   3691.7097     -0.0000     18.9873   4102.2651      0.0000
    313.4309  -1727.3290   -122.2538     -8.6129  -1633.3255    -86.6986  -2152.9726  -3183.3708    796.3206   1495.0024   5789.3813   -924.7636   2317.7898   3726.3599    131.9212   -207.9491   3833.6373   -121.7724
    409.8826  -1732.9912    409.8901    139.3218  -1638.6685    139.4035  -1604.2147  -3416.1776  -1605.3190    844.1689   5771.7897    845.0130   1176.4636   3804.3106   1177.2087   -181.9494   3072.5566   -181.8629
   -874.4500   -874.4500      0.0000   -864.1476   -864.1476     -0.0000  -2733.9804  -2733.9804     -0.0000   4130.2314   4130.2314      0.0000   3768.1950   3768.1950     -0.0000   2294.8375   2294.8375     -0.0000
   -475.3372  -1204.1690     86.1469   -529.6983  -1180.1411   -111.9936  -2570.6516  -2875.4324    678.2453   3420.7189   4730.9038  -1934.2998   3414.1528   3812.0989   1445.8180    829.0346   3492.8281   -296.8322
   -112.1741  -1402.4923     33.4746   -194.1944  -1431.6878   -122.3825  -2331.4898  -3036.1730   1335.5626   2853.9476   4947.5882  -2572.8035   2364.9463   4110.9798   1388.8549   -190.6625   3741.8659   -537.0480
    116.5483  -1492.9163    116.3545     92.6749  -1511.6315     92.6159  -1940.2255  -3232.7508  -1941.0436   2322.6254   4873.0958   2323.5961    444.6499   4643.5129    445.7862    -77.2781   3034.1841    -77.7280
   -807.5557   -807.5557    220.2560   -835.0361   -835.0361   -162.6945  -2720.9157  -2720.9157   1251.3843   4131.8645   4131.8645  -3347.1720   3458.2561   3458.2561   2325.9594   2092.1731   2092.1731   -547.8183
   -452.3973   -992.4322    251.4784   -421.6998  -1121.0006    -99.0263  -2515.5765  -2898.8386   1758.4300   3770.4190   4331.2757  -3728.9689   2455.6486   3674.5017   2047.4293    344.1800   3097.1835   -844.8377
   -179.6628  -1108.6519   -179.8685    -12.1978  -1255.0182    -12.3763  -2214.0505  -3096.6887  -2214.7119   3494.2583   4186.5578   3494.5934    -91.5973   4618.8374    -88.6108    147.2876   2682.2985    145.7703
   -614.2477   -614.2477    409.2346   -700.5416   -700.5416    -24.5718  -2723.1964  -2723.1964   2132.9876   4048.2778   4048.2778  -4075.3233   2538.3377   2538.3377   1541.9024   1544.1080   1544.1080   -975.3992
   -384.3428   -673.3997   -384.4430   -155.5507   -914.9589   -155.8494  -2471.0168  -2934.4215  -2471.5572   3915.1021   3904.6926   3914.8946    204.5426   3207.6306    215.6146    457.0888   2040.3676    448.2521
   -390.7851    537.2678   -244.3023   -390.6006    243.7608   -537.4404  -2699.9760   2699.5957  -2700.3563   3814.9026  -3815.4602   3814.3450    928.6994   -647.6783   1209.7205    930.9094  -1209.4733    652.3455
   -553.3381   -553.3381   -553.3381   -553.2047   -553.2047   -553.2047  -2423.5103  -2423.5103  -2423.5103   4267.9626   4267.9626   4267.9626   1450.2751   1450.2751   1450.2751   1452.3778   1452.3778   1452.3778
   -471.7614   -793.0147   -471.7614   -281.9817  -1124.5033   -281.9817  -2122.8624  -2618.9668  -2122.8624   4102.6276   4565.5699   4102.6276    832.8057   2763.7806    832.8057    695.6860   3557.5454    695.6860
   -165.6025  -1256.6601   -165.6025   -133.2204  -1454.2917   -133.2204  -1833.5732  -2760.0125  -1833.5732   3292.9457   5150.3148   3292.9457    365.0822   4735.7877    365.0822    438.7297   3401.4389    438.7297
    196.6843  -1667.4594    196.6843    -23.6097  -1706.5688    -23.6097  -1532.0707  -2890.8984  -1532.0707   1805.7263   6047.2366   1805.7263    745.2341   4521.6391    745.2341    143.2766   3703.4310    143.2766
    434.8135  -1893.7791    434.8135     26.5487  -1837.3450     26.5487  -1086.3156  -3113.0942  -1086.3156    522.8690   6681.5652    522.8690    784.2788   3873.2762    784.2788     -6.7515   3678.1454     -6.7515
      0.0000  -1807.3118      1.3796      0.0000  -1807.3118      0.1336     -0.0000  -3514.5426     -2.5796      0.0000   6692.4533      0.4457     -0.0000   3366.2072      1.8043     -0.0000   3366.2072     -0.0018
   -661.8519   -661.8519   -500.0277   -854.5811   -854.5811    -13.6496  -2360.5780  -2360.5780  -1712.1409   4494.2104   4494.2104   4024.4357   3070.3456   3070.3456  -1199.1951   1944.1252   1944.1252   1366.2996
   -384.3481  -1070.9858   -273.5767   -559.5981  -1246.7709     65.4011  -2147.4946  -2526.1967  -1281.0509   3907.5878   5094.7048   3213.9361   2931.7422   3978.7059  -1534.3274    514.0304   3640.4159   1052.1193
     43.0997  -1499.1769    -35.0669   -310.0105  -1545.2165     70.8084  -1974.7863  -2664.9192   -761.5766   2697.3153   5963.2206   1520.4315   2643.4550   4160.6767   -737.7768   -183.8105   4266.5943    593.6113
    475.6885  -1814.3588      0.0000   -106.2786  -1754.2578     -0.0000  -1765.0815  -2832.9271      0.0000   1393.9243   6617.4859     -0.0000   1978.2957   3955.8701      0.0000   -259.0965   4197.9325      0.0000
    434.8135  -1893.7791    435.2939     26.5487  -1837.3450     26.5189  -1086.3156  -3113.0942  -1087.9773    522.8690   6681.5652    523.8736    784.2788   3873.2762    786.1834     -6.7515   3678.1454     -7.1876
   -772.7852   -772.7852   -173.8456   -929.2864   -929.2864     97.8581  -2350.9985  -2350.9985   -683.0579   4621.0681   4621.0681   2125.6140   3776.7394   3776.7394  -1302.6948   2394.1219   2394.1219    506.0345
   -361.7497  -1183.3677      0.0000   -606.0277  -1257.8190      0.0000  -2195.4098  -2507.3896     -0.0000   3695.0979   5440.1227      0.0000   3466.0785   4038.2350      0.0000    840.6655   3834.5554     -0.0000
     43.0997  -1499.1769     35.0669   -310.0105  -1545.2165    -70.8084  -1974.7863  -2664.9192    761.5766   2697.3153   5963.2206  -1520.4315   2643.4550   4160.6767    737.7768   -183.8105   4266.5943   -593.6113
    196.6843  -1667.4594    196.5895    -23.6097  -1706.5688    -23.7829  -1532.0707  -2890.8984  -1533.0996   1805.7263   6047.2366   1807.1447    745.2341   4521.6391    747.7152    143.2766   3703.4310    141.8656
   -772.7852   -772.7852    173.8456   -929.2864   -929.2864    -97.8581  -2350.9985  -2350.9985    683.0579   4621.0681   4621.0681  -2125.6140   3776.7394   3776.7394   1302.6948   2394.1219   2394.1219   -506.0345
   -384.3481  -1070.9858    273.5767   -559.5981  -1246.7709    -65.4011  -2147.4946  -2526.1967   1281.0509   3907.5878   5094.7048  -3213.9361   2931.7422   3978.7059   1534.3274    514.0304   3640.4159  -1052.1193
   -165.6025  -1256.6601   -165.8104   -133.2204  -1454.2917   -133.5250  -1833.5732  -2760.0125  -1834.3746   3292.9457   5150.3148   3293.8812    365.0822   4735.7877    371.0772    438.7297   3401.4389    434.3862
   -661.8519   -661.8519    500.0277   -854.5811   -854.5811     13.6496  -2360.5780  -2360.5780   1712.1409   4494.2104   4494.2104  -4024.4357   3070.3456   3070.3456   1199.1951   1944.1252   1944.1252  -1366.2996
   -471.7614   -793.0147   -471.8871   -281.9817  -1124.5033   -282.4360  -2122.8624  -2618.9668  -2123.5444   4102.6276   4565.5699   4102.8910    832.8057   2763.7806    856.5758    695.6860   3557.5454    674.4469
   -553.3381    761.2241   -345.4522   -553.2047    344.7683   -761.6411  -2423.5103   2422.9147  -2424.1058   4267.9626  -4268.0850   4267.8401   1450.2751  -1015.3779   1885.1723   1452.3778  -1884.5274   1020.2282
   -606.2879   -606.2879   -606.2879   -606.2067   -606.2067   -606.2067  -2003.8292  -2003.8292  -2003.8292   4557.3029   4557.3029   4557.3029   1859.7872   1859.7872   1859.7872   1861.7687   1861.7687   1861.7687
   -433.5945   -843.9890   -433.5945   -319.3196  -1181.5008   -319.3196  -1683.2895  -2186.2114  -1683.2895   4090.2443   5207.8691   4090.2443   1071.0996   3384.6011   1071.0996    993.9184   3873.8771    993.9184
    -49.4631  -1326.5248    -49.4631   -165.5960  -1496.8125   -165.5960  -1381.2855  -2321.1821  -1381.2855   2818.9326   6145.3186   2818.9326    544.7490   4770.5089    544.7490    557.1860   4005.9175    557.1860
    324.1687  -1734.0733    324.1687    -52.1910  -1738.2704    -52.1910  -1033.8351  -2472.4458  -1033.8351   1113.9814   7014.7455   1113.9814    545.9307   4447.6558    545.9307    182.8285   4211.3763    182.8285
     -0.0000  -1864.0148      1.8947      0.0000  -1864.0148     -0.0964      0.0000  -2809.4975     -3.1659      0.0000   7164.6031      1.4497     -0.0000   4075.8294      2.0779      0.0000   4075.8294     -0.3627
   -623.5549   -623.5549   -442.5488   -881.9002   -881.9002      9.4709  -1917.9419  -1917.9419  -1229.7409   4911.5562   4911.5562   3628.7684   3443.2221   3443.2221   -899.1286   2279.3036   2279.3036   1481.7073
   -240.9375  -1062.5011   -176.1206   -581.6489  -1237.9211     68.2379  -1719.0047  -2082.7382   -721.7625   3982.6290   5901.4456   2094.2342   3021.8001   4199.7785   -862.0209    554.5712   4094.3697    833.6051
    224.5744  -1482.5311     -0.0000   -310.0134  -1527.4867     -0.0000  -1546.3738  -2237.3132      0.0000   2511.4372   6792.6114      0.0000   2218.0782   4342.5686      0.0000   -271.5199   4558.0591      0.0000
    324.1687  -1734.0733    324.4380    -52.1910  -1738.2704    -52.5037  -1033.8351  -2472.4458  -1035.2658   1113.9814   7014.7455   1116.0016    545.9307   4447.6558    550.7922    182.8285   4211.3763    179.4590
   -668.2908   -668.2908      0.0000   -910.5691   -910.5691     -0.0000  -1914.1702  -1914.1702      0.0000   5111.0571   5111.0571     -0.0000   3824.4946   3824.4946     -0.0000   2591.3398   2591.3398     -0.0000
   -240.9375  -1062.5011    176.1206   -581.6489  -1237.9211    -68.2379  -1719.0047  -2082.7382    721.7625   3982.6290   5901.4456  -2094.2342   3021.8001   4199.7785    862.0209    554.5712   4094.3697   -833.6051
    -49.4631  -1326.5248    -49.6231   -165.5960  -1496.8125   -166.0423  -1381.2855  -2321.1821  -1382.1989   2818.9326   6145.3186   2820.7188    544.7490   4770.5089    563.2686    557.1860   4005.9175    540.5372
   -623.5549   -623.5549    442.5488   -881.9002   -881.9002     -9.4709  -1917.9419  -1917.9419   1229.7409   4911.5562   4911.5562  -3628.7684   3443.2221   3443.2221    899.1286   2279.3036   2279.3036  -1481.7073
   -433.5945   -843.9890   -433.7493   -319.3196  -1181.5008   -319.9234  -1683.2895  -2186.2114  -1684.0316   4090.2443   5207.8691   4091.1258   1071.0996   3384.6011   1080.9708    993.9184   3873.8771    986.9854
   -606.2879    834.6237   -377.9521   -606.2067    377.1092   -835.3042  -2003.8292   2003.1722  -2004.4862   4557.3029  -4557.0037   4557.6021   1859.7872  -1307.5464   2412.0280   1861.7687  -2410.8292   1312.7082
   -554.1748   -554.1748   -554.1748   -554.1373   -554.1373   -554.1373  -1532.8907  -1532.8907  -1532.8907   4766.9392   4766.9392   4766.9392   2157.1843   2157.1843   2157.1843   2159.0794   2159.0794   2159.0794
   -289.5239   -828.1402   -289.5239   -272.5446  -1095.3492   -272.5446  -1204.9161  -1703.3848  -1204.9161   3851.5606   5936.8927   3851.5606   1132.1641   3932.5138   1132.1641   1008.9255   4224.0919   1008.9255
    140.4127  -1318.1050    140.4127   -115.3742  -1395.6083   -115.3742   -889.7064  -1839.1210   -889.7064   1923.9920   7154.5957   1923.9920    445.8615   4484.3481    445.8615    346.6767   4763.6929    346.6767
      0.0000  -1623.2573      2.5414      0.0000  -1623.2573     -0.3032      0.0000  -2103.1598     -3.8398      0.0000   7548.4811      2.8933      0.0000   4509.2563      2.3830     -0.0000   4509.2563     -0.7529
   -515.8096   -515.8096   -263.5129   -786.5690   -786.5690     54.8793  -1442.0720  -1442.0720   -690.1251   5364.0944   5364.0944   2613.2852   3632.4126   3632.4126   -576.8804   2568.4612   2568.4612   1185.9166
    -64.8966   -969.3787      0.0000   -475.4741  -1112.0250     -0.0000  -1261.2851  -1614.1022      0.0000   3937.7158   6665.1785      0.0000   2630.5346   4373.9665      0.0000    291.3009   4503.9447      0.0000
    140.4127  -1318.1050    140.4679   -115.3742  -1395.6083   -115.9512   -889.7064  -1839.1210   -890.8571   1923.9920   7154.5957   1927.2017    445.8615   4484.3481    474.8497    346.6767   4763.6929    319.6564
   -515.8096   -515.8096    263.5129   -786.5690   -786.5690    -54.8793  -1442.0720  -1442.0720    690.1251   5364.0944   5364.0944  -2613.2852   3632.4126   3632.4126    576.8804   2568.4612   2568.4612  -1185.9166
   -289.5239   -828.1402   -289.6954   -272.5446  -1095.3492   -273.2651  -1204.9161  -1703.3848  -1205.7063   3851.5606   5936.8927   3853.4956   1132.1641   3932.5138   1140.0166   1008.9255   4224.0919   1004.6046
   -554.1748    763.3274   -345.0222   -554.1373    344.0360   -764.2385  -1532.8907   1532.2092  -1533.5722   4766.9392  -4766.0438   4767.8346   2157.1843  -1522.7952   2791.5734   2159.0794  -2789.5930   1528.5657
   -417.4796   -417.4807   -417.4807   -417.4738   -417.4727   -417.4727  -1034.7831  -1034.7831  -1034.7831   4913.2548   4913.2548   4913.2548   2354.6843   2354.6843   2354.6843   2356.6560   2356.6560   2356.6560
    -68.8617   -757.6747    -68.8617   -158.8064   -895.6093   -158.8064   -705.5361  -1193.5733   -705.5361   3117.2824   6890.6689   3117.2824    909.0404   4465.6935    909.0404    535.6865   4683.0293    535.6865
      0.0000  -1182.3442      3.2788      0.0000  -1182.3442     -0.4684      0.0000  -1399.1790     -4.5788     -0.0000   7832.0412      5.4006     -0.0000   4757.6954      2.9815     -0.0000   4757.6954     -1.3385
   -360.4958   -360.4958      0.0000   -582.7664   -582.7664      0.0000   -960.7666   -960.7666      0.0000   5803.2907   5803.2907     -0.0000   3607.0103   3607.0103      0.0000   2774.5859   2774.5859      0.0000
    -68.8617   -757.6747    -68.9783   -158.8064   -895.6093   -159.6010   -705.5361  -1193.5733   -706.4302   3117.2824   6890.6689   3121.6510    909.0404   4465.6935    916.7745    535.6865   4683.0293    532.1333
   -417.4796    575.2090   -259.7524   -417.4738    258.6554   -576.2901  -1034.7831   1034.0908  -1035.4755   4913.2548  -4911.3344   4915.1751   2354.6843  -1667.5143   3041.8543   2356.6560  -3038.5242   1674.7877
   -223.1801   -223.1855   -223.1855   -223.1936   -223.1882   -223.1882   -521.0613   -521.0613   -521.0613   5000.3589   5000.3589   5000.3589   2466.0392   2466.0392   2466.0392   2468.8722   2468.8722   2468.8722
      0.0000   -619.8666      3.9330      0.0000   -619.8666     -0.5749     -0.0000   -698.4925     -5.2264      0.0000   8006.0514     12.1013     -0.0000   4883.5978      5.0984      0.0000   4883.5978     -2.8665
   -223.1801    307.3297   -139.0414   -223.1936    137.8694   -308.5069   -521.0613    520.3642   -521.7583   5000.3589  -4995.7810   5004.9368   2466.0392  -1748.2105   3183.8679   2468.8722  -3176.8297   1760.9146
     -0.6115     -0.6115     -0.6115     -0.6115     -0.6170     -0.6115     -0.6785     -0.6730     -0.6785   8064.7137   8042.0387   8064.7136   4921.8504   4958.8135   4921.8505   4921.8504   4921.8504   4921.8504
