  -0.23988
   0.18557
   0.15070
   0.18557
  -0.00000
  27.37613
   0.15070
  27.37613
   0.06987
  -0.06991
   0.05585
  27.28140
   0.05585
  -0.30973
   0.05588
  27.28140
   0.05588
  -0.06991
   0.06987
  27.37731
   0.14831
  27.37731
  -0.00000
   0.18318
   0.14831
   0.18318
  -0.23988
  -4.92823
  -4.36944
  -4.36945
  -4.58870
  -4.55710
  -7.18760
  -4.58872
  -7.18759
  -4.55710
  -4.55706
  -4.58874
  -7.18759
  -4.36942
  -4.92823
  -4.36943
  -7.18758
  -4.58877
  -4.55706
  -4.55469
  -7.18759
  -4.59112
  -7.18759
  -4.55469
  -4.59112
  -4.36945
  -4.36945
  -4.92823
  -5.04792
   4.36628
   4.36629
   4.53643
  -4.61916
  -7.11176
   4.53584
  -7.11057
  -4.61856
   4.67684
  -4.58250
  -7.17721
  -4.31836
   4.97049
   4.30321
  -7.13113
   4.51948
   4.61854
   4.67446
  -7.17959
  -4.58728
  -7.13172
   4.61496
   4.52125
  -4.31959
   4.30383
   4.96989
   4.96551
  -4.37328
   4.29322
  -4.58250
   4.55710
  -7.17720
   4.50947
  -7.18601
   4.61358
  -4.61416
   4.59137
  -7.10176
   4.36624
  -4.92823
   4.36624
  -7.10055
   4.59077
  -4.61356
   4.61000
  -7.18661
   4.51126
  -7.17959
   4.55470
  -4.58730
   4.29382
  -4.37448
   4.96490
   4.97048
   4.30262
  -4.31840
   4.52006
   4.61917
  -7.13172
  -4.58251
  -7.17719
   4.67687
   4.61915
   4.52007
  -7.13173
   4.30260
   4.97049
  -4.31836
  -7.17721
  -4.58254
   4.67684
  -4.61498
  -7.11115
   4.53884
  -7.11115
  -4.61497
   4.53883
   4.36628
   4.36628
  -5.04791
  -4.92823
  -4.58870
  -4.58872
  -4.36944
  -4.55710
  -7.18759
  -4.36945
  -7.18760
  -4.55710
  -4.55706
  -4.36942
  -7.18758
  -4.58874
  -4.92823
  -4.58877
  -7.18759
  -4.36943
  -4.55706
  -4.55469
  -7.18759
  -4.36945
  -7.18759
  -4.55469
  -4.36945
  -4.59112
  -4.59112
  -4.92823
   4.95706
   4.46454
   4.46335
   4.46454
   4.40289
   7.06038
   4.46335
   7.06038
   4.40289
   4.40290
   4.46454
   7.06034
   4.46454
   4.95703
   4.46335
   7.06034
   4.46335
   4.40290
   4.40289
   7.05977
   4.46513
   7.05977
   4.40289
   4.46513
   4.46513
   4.46513
   4.95706
   1.29370
  -0.07071
  -0.07071
   0.06830
   0.23585
   0.55000
   0.06830
   0.55000
   0.23585
  -0.00000
  -0.15626
   0.05209
  -0.15626
   0.00000
  -0.10417
   0.05209
   0.10417
  -0.00000
   0.00000
   0.05210
  -0.15629
   0.05210
   0.00000
   0.10419
  -0.15628
  -0.10419
  -0.00001
  -0.00001
  -0.15628
  -0.10419
  -0.15629
  -0.00000
   0.05210
   0.10419
   0.05210
   0.00000
   0.23586
   0.06830
   0.54999
  -0.07071
   1.29369
  -0.07071
   0.54999
   0.06830
   0.23586
  -0.00000
   0.05210
   0.10419
   0.05210
  -0.00000
  -0.15629
  -0.10419
  -0.15628
  -0.00001
  -0.00001
  -0.10419
  -0.15628
   0.10419
   0.00000
   0.05210
  -0.15629
   0.05210
   0.00000
  -0.00000
   0.10417
   0.05209
  -0.10417
   0.00000
  -0.15626
   0.05209
  -0.15626
   0.00000
   0.23824
   0.54520
   0.06830
   0.54520
   0.23824
   0.06830
  -0.06830
  -0.06830
   1.29370
  -5.04792
   4.53643
   4.53584
   4.36628
  -4.61916
  -7.11057
   4.36629
  -7.11176
  -4.61856
   4.67684
  -4.31836
  -7.13113
  -4.58250
   4.97049
   4.51948
  -7.17721
   4.30321
   4.61854
   4.67446
  -7.13172
  -4.31959
  -7.17959
   4.61496
   4.30383
  -4.58728
   4.52125
   4.96989
   1.29370
   0.06830
   0.06830
  -0.07071
   0.23585
   0.55000
  -0.07071
   0.55000
   0.23585
  -0.00000
  -0.15626
   0.05209
  -0.15626
   0.00000
   0.10417
   0.05209
  -0.10417
  -0.00000
   0.00000
   0.05210
  -0.15628
   0.05210
   0.00000
  -0.10419
  -0.15629
   0.10419
  -0.00001
   4.95709
  -4.60087
  -4.60087
  -4.60087
   4.38636
   7.10344
  -4.60087
   7.10344
   4.38636
  -4.40293
   4.60327
   7.19787
   4.60327
  -4.95313
  -4.51002
   7.19787
  -4.51002
  -4.38637
  -4.40292
   7.20028
   4.60326
   7.20028
  -4.38636
  -4.51243
   4.60326
  -4.51243
  -4.95312
  -0.00001
   0.10419
   0.15629
  -0.10419
  -0.00000
   0.05209
   0.15628
   0.05210
  -0.00000
  -0.00000
   0.10417
   0.05209
  -0.10417
   0.00000
   0.15626
   0.05209
   0.15626
   0.00000
  -0.23824
   0.54760
   0.06592
   0.54281
  -0.23824
  -0.06830
  -0.06830
   0.06592
  -1.28889
  -0.00001
   0.15629
   0.10419
   0.15628
  -0.00000
   0.05210
  -0.10419
   0.05209
  -0.00000
  -0.23586
   0.06590
   0.54761
  -0.06828
  -1.28890
   0.06590
   0.54761
  -0.06828
  -0.23586
   0.00000
   0.05210
   0.10419
   0.05209
  -0.00000
   0.15629
  -0.10419
   0.15629
  -0.00001
   4.96551
  -4.58250
   4.50947
  -4.37328
   4.55710
  -7.18601
   4.29322
  -7.17720
   4.61358
  -4.61416
   4.36624
  -7.10055
   4.59137
  -4.92823
   4.59077
  -7.10176
   4.36624
  -4.61356
   4.61000
  -7.17959
   4.29382
  -7.18661
   4.55470
  -4.37448
   4.51126
  -4.58730
   4.96490
  -0.00001
  -0.15629
   0.10419
  -0.15628
  -0.00000
   0.05210
  -0.10419
   0.05210
   0.00000
   0.23586
  -0.07071
   0.54999
   0.06830
   1.29369
   0.06830
   0.54999
  -0.07071
   0.23586
  -0.00000
   0.05210
  -0.10419
   0.05210
  -0.00000
  -0.15628
   0.10419
  -0.15629
  -0.00001
  -0.00001
  -0.10419
   0.15628
   0.10419
  -0.00000
   0.05210
   0.15629
   0.05209
  -0.00000
  -0.00000
  -0.10417
   0.05209
   0.10417
   0.00000
   0.15626
   0.05209
   0.15626
   0.00000
  -0.23824
   0.54281
  -0.06830
   0.54760
  -0.23824
   0.06592
   0.06592
  -0.06830
  -1.28889
  -4.95308
   4.60327
  -4.51003
   4.60327
  -4.40289
   7.19790
  -4.51003
   7.19790
  -4.38632
   4.38635
  -4.60089
   7.10340
  -4.60089
   4.95703
  -4.60089
   7.10340
  -4.60089
   4.38635
  -4.38632
   7.20028
  -4.51243
   7.20028
  -4.40289
   4.60327
  -4.51243
   4.60327
  -4.95308
  -1.28889
  -0.06830
   0.06592
   0.06592
  -0.23585
   0.54760
  -0.06830
   0.54760
  -0.23585
  -0.00000
   0.15626
   0.05209
   0.15626
   0.00000
   0.10417
   0.05209
  -0.10417
   0.00000
   0.00000
   0.05209
   0.15629
   0.05210
  -0.00000
   0.10419
   0.15629
  -0.10419
  -0.00001
   4.97048
   4.52006
  -4.58251
   4.30262
   4.61917
  -7.17719
  -4.31840
  -7.13172
   4.67687
   4.61915
   4.30260
  -7.17721
   4.52007
   4.97049
  -4.58254
  -7.13173
  -4.31836
   4.67684
  -4.61498
  -7.11115
   4.36628
  -7.11115
  -4.61497
   4.36628
   4.53884
   4.53883
  -5.04791
  -0.00001
   0.10419
  -0.15629
  -0.10419
   0.00000
   0.05210
  -0.15628
   0.05210
   0.00000
  -0.00000
  -0.10417
   0.05209
   0.10417
   0.00000
  -0.15626
   0.05209
  -0.15626
   0.00000
   0.23824
   0.54520
  -0.06830
   0.54520
   0.23824
  -0.06830
   0.06830
   0.06830
   1.29370
  -0.00001
   0.15628
  -0.10419
   0.15629
  -0.00000
   0.05209
   0.10419
   0.05210
  -0.00000
  -0.23586
  -0.06828
   0.54761
   0.06590
  -1.28890
  -0.06828
   0.54761
   0.06590
  -0.23586
   0.00000
   0.05209
  -0.10419
   0.05210
  -0.00000
   0.15629
   0.10419
   0.15629
  -0.00001
  -1.28889
   0.06592
  -0.06830
  -0.06830
  -0.23585
   0.54760
   0.06592
   0.54760
  -0.23585
  -0.00000
   0.15626
   0.05209
   0.15626
   0.00000
  -0.10417
   0.05209
   0.10417
   0.00000
   0.00000
   0.05210
   0.15629
   0.05209
  -0.00000
  -0.10419
   0.15629
   0.10419
  -0.00001
  -4.95312
  -4.50999
   4.60146
  -4.50999
  -4.38636
   7.19969
   4.60146
   7.19969
  -4.40292
  -4.38637
  -4.50998
   7.19966
  -4.50998
  -4.95313
   4.60147
   7.19966
   4.60147
  -4.40293
   4.38636
   7.10345
  -4.60087
   7.10345
   4.38636
  -4.60087
  -4.60087
  -4.60087
   4.95709
  -4.87408
  -4.66428
  -4.66430
  -4.66428
  -4.33604
  -7.25296
  -4.66430
  -7.25296
  -4.33604
  -4.33606
  -4.66429
  -7.25294
  -4.66429
  -4.87408
  -4.66430
  -7.25294
  -4.66430
  -4.33606
  -4.33606
  -7.25294
  -4.66430
  -7.25294
  -4.33606
  -4.66430
  -4.66430
  -4.66430
  -4.87408
   4.92285
   4.58806
   4.58746
   4.36889
   4.55710
   7.18579
   4.36888
   7.18640
   4.55650
   4.55711
   4.36886
   7.18579
   4.58809
   4.92283
   4.58749
   7.18640
   4.36887
   4.55651
   4.55531
   7.18638
   4.37007
   7.18638
   4.55531
   4.37007
   4.58809
   4.58809
   4.92223
  -1.28890
   0.06830
   0.06830
  -0.06353
  -0.23823
  -0.54998
  -0.06351
  -0.55000
  -0.23825
   0.00000
   0.15628
  -0.05209
   0.15628
  -0.00000
   0.10419
  -0.05209
  -0.10419
  -0.00000
   0.00000
  -0.05209
   0.15628
  -0.05209
  -0.00000
  -0.10419
   0.15628
   0.10419
  -0.00000
  -0.00000
   0.15628
   0.10419
   0.15628
   0.00000
  -0.05209
  -0.10419
  -0.05211
  -0.00000
  -0.23825
  -0.06353
  -0.55000
   0.06830
  -1.28890
   0.06830
  -0.55000
  -0.06352
  -0.23825
  -0.00000
  -0.05209
  -0.10419
  -0.05209
   0.00000
   0.15628
   0.10419
   0.15628
  -0.00000
  -0.00000
   0.10419
   0.15628
  -0.10419
  -0.00000
  -0.05209
   0.15628
  -0.05209
  -0.00001
  -0.00000
  -0.10419
  -0.05209
   0.10419
  -0.00000
   0.15628
  -0.05209
   0.15628
  -0.00000
  -0.23345
  -0.54760
  -0.06351
  -0.54760
  -0.23345
  -0.06351
   0.06830
   0.06830
  -1.28890
   4.92285
   4.36889
   4.36888
   4.58806
   4.55710
   7.18640
   4.58746
   7.18579
   4.55650
   4.55711
   4.58809
   7.18640
   4.36886
   4.92283
   4.36887
   7.18579
   4.58749
   4.55651
   4.55531
   7.18638
   4.58809
   7.18638
   4.55531
   4.58809
   4.37007
   4.37007
   4.92223
   0.14372
   0.13012
   0.18680
   0.13012
   0.00000
 -27.25456
   0.18680
 -27.25456
   0.00000
   0.00000
   0.13012
 -27.25456
   0.13012
   0.14372
   0.18680
 -27.25456
   0.18680
   0.00000
   0.00000
 -27.19666
   0.07042
 -27.19666
   0.00000
   0.07042
   0.07042
   0.07042
   0.14372
   4.92283
  -4.31956
  -4.31956
  -4.58510
   4.61918
   7.12791
  -4.65357
   7.12791
   4.61978
  -4.55711
   4.53701
   7.13231
   4.37006
  -4.96930
  -4.31456
   7.25005
  -4.52900
  -4.61977
  -4.55531
   7.13231
   4.53941
   7.18579
  -4.61857
  -4.53140
   4.43911
  -4.31456
  -4.96990
  -4.96930
   4.37005
  -4.31457
   4.53701
  -4.55708
   7.13231
  -4.52900
   7.25007
  -4.61977
   4.61917
  -4.58508
   7.12790
  -4.31957
   4.92283
  -4.31957
   7.12790
  -4.65356
   4.61977
  -4.61857
   7.18579
  -4.53140
   7.13231
  -4.55531
   4.53941
  -4.31456
   4.43911
  -4.96990
  -4.96930
  -4.31457
   4.37005
  -4.52900
  -4.61917
   7.18341
   4.53641
   7.13171
  -4.55648
  -4.61917
  -4.52900
   7.18339
  -4.31457
  -4.96930
   4.37006
   7.13171
   4.53641
  -4.55651
   4.61857
   7.12790
  -4.58748
   7.12790
   4.61857
  -4.58748
  -4.32077
  -4.32077
   4.92223
  -1.28890
  -0.06353
  -0.06351
   0.06830
  -0.23823
  -0.55000
   0.06830
  -0.54998
  -0.23825
   0.00000
   0.15628
  -0.05209
   0.15628
  -0.00000
  -0.10419
  -0.05209
   0.10419
  -0.00000
   0.00000
  -0.05209
   0.15628
  -0.05209
  -0.00000
   0.10419
   0.15628
  -0.10419
  -0.00000
   4.92283
  -4.58510
  -4.65357
  -4.31956
   4.61918
   7.12791
  -4.31956
   7.12791
   4.61978
  -4.55711
   4.37006
   7.25005
   4.53701
  -4.96930
  -4.52900
   7.13231
  -4.31456
  -4.61977
  -4.55531
   7.18579
   4.43911
   7.13231
  -4.61857
  -4.31456
   4.53941
  -4.53140
  -4.96990
  -4.87408
   4.59467
   4.59287
   4.59467
  -4.40650
  -7.21724
   4.59287
  -7.21724
  -4.40650
   4.33607
  -4.59464
  -7.18988
  -4.59464
   4.95229
   4.62260
  -7.18988
   4.62260
   4.40651
   4.33607
  -7.18568
  -4.59464
  -7.18568
   4.40891
   4.62680
  -4.59464
   4.62680
   4.95229
   0.00000
  -0.10418
  -0.15628
   0.10419
  -0.00001
  -0.05209
  -0.15628
  -0.05211
  -0.00000
   0.00000
  -0.10418
  -0.05209
   0.10419
   0.00000
  -0.15628
  -0.05209
  -0.15628
  -0.00000
   0.23345
  -0.55240
  -0.06830
  -0.55480
   0.23345
   0.06591
   0.06591
  -0.06830
   1.29370
   0.00000
  -0.15628
  -0.10418
  -0.15628
  -0.00000
  -0.05211
   0.10419
  -0.05209
  -0.00001
   0.23825
  -0.06830
  -0.55240
   0.06830
   1.29370
  -0.06830
  -0.55000
   0.06830
   0.23825
   0.00000
  -0.05209
  -0.10418
  -0.05209
   0.00000
  -0.15628
   0.10419
  -0.15628
   0.00000
  -0.00000
   0.15628
  -0.10419
   0.15628
   0.00000
  -0.05211
   0.10419
  -0.05209
  -0.00000
  -0.23825
   0.06830
  -0.55000
  -0.06353
  -1.28890
  -0.06352
  -0.55000
   0.06830
  -0.23825
  -0.00000
  -0.05209
   0.10419
  -0.05209
   0.00000
   0.15628
  -0.10419
   0.15628
  -0.00000
  -4.96930
   4.53701
  -4.52900
   4.37005
  -4.55708
   7.25007
  -4.31456
   7.13231
  -4.61977
   4.61917
  -4.31957
   7.12790
  -4.58508
   4.92283
  -4.65356
   7.12790
  -4.31957
   4.61977
  -4.61857
   7.13231
  -4.31456
   7.18579
  -4.55531
   4.43911
  -4.53140
   4.53941
  -4.96990
   0.00000
   0.10419
  -0.15628
  -0.10418
  -0.00001
  -0.05211
  -0.15628
  -0.05209
  -0.00000
   0.00000
   0.10419
  -0.05209
  -0.10418
   0.00000
  -0.15628
  -0.05209
  -0.15628
  -0.00000
   0.23345
  -0.55480
   0.06591
  -0.55240
   0.23345
  -0.06830
  -0.06830
   0.06591
   1.29370
   4.95229
  -4.59464
   4.62260
  -4.59464
   4.33607
  -7.18988
   4.62260
  -7.18988
   4.40651
  -4.40651
   4.59466
  -7.21724
   4.59466
  -4.87408
   4.59286
  -7.21724
   4.59286
  -4.40651
   4.40891
  -7.18568
   4.62680
  -7.18568
   4.33607
  -4.59464
   4.62680
  -4.59464
   4.95229
   1.29370
   0.06830
  -0.06830
  -0.06830
   0.23825
  -0.55240
   0.06830
  -0.55000
   0.23825
  -0.00000
  -0.15628
  -0.05209
  -0.15628
   0.00000
  -0.10418
  -0.05209
   0.10419
   0.00000
   0.00000
  -0.05209
  -0.15628
  -0.05209
   0.00000
  -0.10418
  -0.15628
   0.10419
   0.00000
  -0.00000
  -0.10419
   0.15628
   0.10419
  -0.00000
  -0.05209
   0.15628
  -0.05209
  -0.00001
  -0.00000
   0.10419
  -0.05209
  -0.10419
  -0.00000
   0.15628
  -0.05209
   0.15628
  -0.00000
  -0.23345
  -0.54760
   0.06830
  -0.54760
  -0.23345
   0.06830
  -0.06351
  -0.06351
  -1.28890
  -4.96930
  -4.52900
   4.53641
  -4.31457
  -4.61917
   7.13171
   4.37005
   7.18341
  -4.55648
  -4.61917
  -4.31457
   7.13171
  -4.52900
  -4.96930
   4.53641
   7.18339
   4.37006
  -4.55651
   4.61857
   7.12790
  -4.32077
   7.12790
   4.61857
  -4.32077
  -4.58748
  -4.58748
   4.92223
   0.00000
  -0.15628
   0.10419
  -0.15628
  -0.00000
  -0.05209
  -0.10418
  -0.05211
  -0.00001
   0.23825
   0.06830
  -0.55000
  -0.06830
   1.29370
   0.06830
  -0.55240
  -0.06830
   0.23825
   0.00000
  -0.05209
   0.10419
  -0.05209
   0.00000
  -0.15628
  -0.10418
  -0.15628
   0.00000
   1.29370
  -0.06830
   0.06830
   0.06830
   0.23825
  -0.55000
  -0.06830
  -0.55240
   0.23825
  -0.00000
  -0.15628
  -0.05209
  -0.15628
   0.00000
   0.10419
  -0.05209
  -0.10418
   0.00000
   0.00000
  -0.05209
  -0.15628
  -0.05209
   0.00000
   0.10419
  -0.15628
  -0.10418
   0.00000
   4.95229
   4.62260
  -4.59464
   4.62260
   4.40651
  -7.18808
  -4.59464
  -7.18808
   4.33607
   4.40651
   4.62260
  -7.18808
   4.62260
   4.95229
  -4.59464
  -7.18808
  -4.59464
   4.33607
  -4.40891
  -7.21424
   4.59466
  -7.21424
  -4.40891
   4.59466
   4.59466
   4.59466
  -4.87408
