720 Out of 16464 QH, Third, Fourth Freq in rad/ps and Lifetimes in ps for a 14x14x14 Si Lattice at 5K. (atoms/UC=2)
105.388	-0.00302287	-0.00877424	620.884
105.388	-0.00302287	-0.00877424	620.884
84.2179	-0.0022432	-0.000407951	328.749
73.9609	-0.00204511	-0.0101955	132.818
29.5508	-0.000979891	-0.0076149	6630.03
29.5508	-0.000979891	-0.0076149	6630.03
105.243	-0.00291687	-0.00863882	754.519
105.075	-0.00279872	-0.00859816	718.071
84.7822	-0.00173301	-0.00140257	332.708
72.789	-0.00244647	-0.00917707	139.174
31.4655	-0.00104037	-0.0076232	5178.76
30.1693	-0.00107345	-0.00767427	6729.75
104.743	-0.00298194	-0.00823838	817.587
104.181	-0.00287726	-0.00808732	720.98
85.8881	-0.0014067	-0.00298738	317.878
70.1687	-0.00294063	-0.00747189	157.138
36.1644	-0.00116782	-0.00790784	3835.61
31.883	-0.00128279	-0.00787609	4659.05
103.759	-0.00312115	-0.00757602	737.963
102.835	-0.00297814	-0.00729808	715.533
86.8442	-0.00147283	-0.00428104	313.518
67.8423	-0.00315086	-0.00590096	216.508
41.3271	-0.00144733	-0.00877488	1499.34
34.3262	-0.00158626	-0.00825753	3664.77
102.242	-0.00302821	-0.00663856	837.93
101.257	-0.00274009	-0.00633622	661.484
87.3065	-0.00136431	-0.0053454	264.332
68.0148	-0.00286954	-0.00488443	256.94
44.2685	-0.00182372	-0.0097877	1203.55
37.0215	-0.00196516	-0.00880808	2220.61
100.405	-0.00271285	-0.00546031	895.49
99.7462	-0.00255938	-0.00537157	748.393
86.9257	-0.00145266	-0.00626846	205.663
71.6148	-0.00227954	-0.00512339	275.562
43.9838	-0.00226397	-0.0100482	1239.81
39.463	-0.00225525	-0.00943089	1938.23
98.8418	-0.00266715	-0.004363	862.287
98.643	-0.00250482	-0.0046351	1050.14
85.1703	-0.0018094	-0.00684225	161.034
76.7944	-0.00234588	-0.00596151	236.032
42.5014	-0.00247094	-0.00997631	1349.79
41.1741	-0.00250096	-0.00994374	1692.38
98.2363	-0.00269107	-0.00414113	669.096
98.2363	-0.00268684	-0.00413817	668.781
81.6706	-0.00212206	-0.00662598	160.032
81.6706	-0.00197677	-0.00675209	172.614
41.7912	-0.00256767	-0.0100416	1395.69
41.7912	-0.00256364	-0.0100486	1395.17
105.388	-0.00293789	-0.00876683	725.425
105.192	-0.00299553	-0.00861572	728.535
86.4591	-0.00173067	-0.00283156	308.883
70.7682	-0.00283277	-0.00777407	153.639
31.5279	-0.0010504	-0.00750636	6606.59
29.5508	-0.00103836	-0.00761506	5898.02
105.228	-0.00287268	-0.00860711	750.244
104.675	-0.00290971	-0.00830425	677.967
88.0522	-0.00167696	-0.00408747	344.25
67.8083	-0.00310537	-0.00646667	214.441
34.5441	-0.00114221	-0.00758653	4762.84
30.4803	-0.00120843	-0.00766426	5179.54
104.578	-0.00308134	-0.00816922	729.297
103.627	-0.00293945	-0.00767971	762.287
89.2163	-0.00170273	-0.00505521	365.941
65.1284	-0.0028668	-0.00532531	314.423
38.7325	-0.00132412	-0.00812255	2372.81
32.7554	-0.0014441	-0.00788681	4072.43
103.311	-0.00312793	-0.00743923	704.884
102.238	-0.00295615	-0.00681523	742.376
89.8052	-0.00166667	-0.00583646	331.021
64.5302	-0.00251939	-0.00450998	340.58
41.7776	-0.00163182	-0.00895395	1559.94
35.6567	-0.00178113	-0.00834305	2992.85
101.541	-0.00289216	-0.00641444	710.634
100.76	-0.00280132	-0.00583672	750.89
89.6128	-0.00159433	-0.0065184	276.079
67.2578	-0.00226111	-0.00461833	375.623
42.1924	-0.00207447	-0.00936932	1368.18
38.5694	-0.0020851	-0.00898643	2111.65
99.7836	-0.00268035	-0.00534209	698.856
99.4837	-0.0026343	-0.0048698	779.841
88.2189	-0.00150643	-0.00701721	208.017
71.9763	-0.00224028	-0.0052982	321.444
41.5564	-0.00237029	-0.00960937	1533
40.7829	-0.00233402	-0.00958336	1716.4
98.8418	-0.00256542	-0.00471744	1003.02
98.643	-0.00271086	-0.00419606	816.974
85.1703	-0.00197921	-0.00695549	178.374
76.7944	-0.00222018	-0.00592561	221.796
42.5014	-0.00254368	-0.0101755	1467.78
41.1741	-0.00244835	-0.00974773	1574.04
105.388	-0.00291091	-0.00874609	798.756
104.695	-0.0031185	-0.00817366	751.876
89.7911	-0.00192685	-0.00502676	328.716
64.7522	-0.00287078	-0.00547891	332.966
36.4197	-0.00119306	-0.00756353	3421.53
29.5508	-0.00116984	-0.0076155	3976.26
105.154	-0.00298303	-0.00858367	748.702
104.147	-0.00326591	-0.00776681	685.663
90.9241	-0.00187429	-0.00574976	370.077
61.9686	-0.00243223	-0.00454637	418.333
39.4486	-0.00128564	-0.00797621	2403.06
30.5941	-0.0013425	-0.0076804	4140.85
104.35	-0.00298909	-0.00814594	669.032
103.185	-0.00315807	-0.00711201	899.801
91.3717	-0.00188814	-0.00626299	334.019
61.072	-0.00239236	-0.00390388	426.29
41.5687	-0.00152529	-0.00861961	1565.31
33.2682	-0.00154209	-0.00794885	3199.8
103.024	-0.0030207	-0.00744612	597.911
101.995	-0.00308571	-0.00630547	922.071
91.0109	-0.00199424	-0.00658056	343.768
63.2129	-0.00209909	-0.00407221	447.776
41.7656	-0.00185185	-0.00895225	1366.08
36.4877	-0.00183065	-0.00844667	2311.05
101.541	-0.00290994	-0.00653115	601.853
100.76	-0.00289238	-0.00551763	652.861
89.6128	-0.00154655	-0.00669838	283.813
67.2578	-0.00230324	-0.0046414	403.137
42.1924	-0.00211519	-0.00946476	1299.45
38.5694	-0.00205181	-0.00887796	1938.39
100.405	-0.00272287	-0.00564301	868.431
99.7462	-0.00272015	-0.0049153	625.591
86.9257	-0.00180819	-0.0065399	229.967
71.6148	-0.002539	-0.00510869	261.33
43.9838	-0.0022948	-0.0102332	1170.14
39.463	-0.00226788	-0.00924645	1567.72
105.388	-0.00295028	-0.00871611	761.794
104.217	-0.00354961	-0.00763462	853.246
91.8756	-0.0017717	-0.00625045	369.479
59.3207	-0.00227003	-0.00373351	405.644
41.4911	-0.00129014	-0.00831662	1765.19
29.5508	-0.00130465	-0.00761614	4470.13
105.117	-0.00298722	-0.00856294	657.728
103.872	-0.0035028	-0.0073257	834.949
92.0396	-0.0016602	-0.00648835	338.594
58.8372	-0.00253041	-0.003451	471.832
42.3421	-0.00136184	-0.00861081	1636.87
30.6335	-0.00140737	-0.00768884	4017.79
104.35	-0.00305416	-0.00814232	680.343
103.185	-0.00320976	-0.00688546	866.608
91.3717	-0.00157404	-0.00644525	333.426
61.072	-0.00251487	-0.00400264	407.212
41.5687	-0.00154484	-0.00855523	1522.76
33.2682	-0.00156911	-0.00794085	2998.58
103.311	-0.00314222	-0.00746258	689.454
102.238	-0.00310614	-0.00638893	673.801
89.8052	-0.00131196	-0.00616736	299.626
64.5302	-0.00268569	-0.00462203	388.826
41.7776	-0.00170459	-0.00896184	1410.43
35.6567	-0.00178492	-0.00826188	2793.23
102.242	-0.00296672	-0.00665881	723.215
101.257	-0.00294085	-0.00585683	528.382
87.3065	-0.00120058	-0.00574591	222.164
68.0148	-0.00310427	-0.00494785	299.479
44.2685	-0.0018621	-0.00991642	1294.77
37.0215	-0.00194759	-0.00863826	2105.27
105.388	-0.00293889	-0.00868284	814.621
104.217	-0.00359668	-0.00743525	905.347
91.8756	-0.0013305	-0.00642716	309.384
59.3207	-0.002635	-0.00386887	460.846
41.4911	-0.00129931	-0.00820925	2011.05
29.5508	-0.00133308	-0.00761685	3835.95
105.154	-0.00305638	-0.0085282	829.383
104.147	-0.00337925	-0.00739159	661.361
90.9241	-0.00125333	-0.00607654	315.33
61.9686	-0.00279925	-0.00475035	380.612
39.4486	-0.00130242	-0.00782733	2450.17
30.5941	-0.00137685	-0.00767928	3594.89
104.578	-0.0031335	-0.00809433	737.2
103.627	-0.00316644	-0.00719038	607.548
89.2163	-0.00106064	-0.00549084	266.726
65.1284	-0.00303752	-0.00553476	304.23
38.7325	-0.00136282	-0.00802978	2349.4
32.7554	-0.00150182	-0.00783751	3802.39
103.759	-0.0032355	-0.00747169	719.116
102.835	-0.00319401	-0.006795	618.961
86.8442	-0.00125377	-0.00477106	221.624
67.8423	-0.00326624	-0.00606691	240.966
41.3271	-0.00145876	-0.00882014	1758.63
34.3262	-0.00163365	-0.00810146	3223.94
105.388	-0.00300498	-0.00865286	840.75
104.695	-0.00338242	-0.00768064	677.55
89.7911	-0.00119576	-0.00546187	256.238
64.7522	-0.00309779	-0.00573268	288.468
36.4197	-0.00120071	-0.00738245	3747.95
29.5508	-0.00123513	-0.00761749	3561.8
105.228	-0.00297724	-0.00846694	791.353
104.675	-0.00312102	-0.00775752	522.932
88.0522	-0.000928292	-0.00460096	220.703
67.8083	-0.00331287	-0.00672448	225.217
34.5441	-0.00115717	-0.00743001	4467.08
30.4803	-0.00126824	-0.00764579	4703.15
104.743	-0.00311519	-0.00804121	840.656
104.181	-0.00315183	-0.00756433	635.937
85.8881	-0.00123499	-0.00354955	211.728
70.1687	-0.00322069	-0.0076935	173.664
36.1644	-0.00122389	-0.00789965	2993.78
31.883	-0.00134422	-0.00773039	4631.21
105.388	-0.00292855	-0.00863211	708.556
105.192	-0.00324624	-0.00798358	520.262
86.4591	-0.000946607	-0.00341009	212.599
70.7682	-0.00329873	-0.0080344	171.213
31.5279	-0.00107593	-0.00732041	6386.99
29.5508	-0.00113101	-0.00761793	5996.27
105.243	-0.00305025	-0.00838069	689.19
105.075	-0.00305401	-0.00806207	545.347
84.7822	-0.00126212	-0.00203348	223.439
72.789	-0.00302394	-0.00940092	150.452
31.4655	-0.00112807	-0.00758836	5706.2
30.1693	-0.00113926	-0.00753464	6810.66
105.388	-0.00313323	-0.00849434	656.427
105.388	-0.00325748	-0.0082336	558.679
84.2179	-0.00130658	-0.00107785	261.654
73.9609	-0.00275463	-0.0104038	138.722
29.5508	-0.0010821	-0.00757113	6998.92
29.5508	-0.00104385	-0.00747723	6793.66
105.759	-0.00290854	-0.00898631	705.533
105.759	-0.00290854	-0.00898631	705.533
88.8112	-0.00238293	-0.0040477	342.132
68.3772	-0.00328148	-0.00664062	199.281
28.7027	-0.000976577	-0.00734159	7929.71
28.7027	-0.000976577	-0.00734159	7929.71
105.975	-0.00304008	-0.00906174	745.064
105.506	-0.00301131	-0.00885666	629.242
90.7784	-0.0022756	-0.00504174	441.089
65.2614	-0.00289474	-0.00568076	317.016
29.7565	-0.000971634	-0.00721898	6859.56
29.1265	-0.00106099	-0.00719599	6086.98
105.629	-0.0031315	-0.00881479	728.896
104.666	-0.00288366	-0.00839206	626.359
92.2081	-0.00223914	-0.00582344	449.566
62.2916	-0.00242166	-0.00487531	402.339
33.5677	-0.00110076	-0.00736209	3406.57
30.7259	-0.00129351	-0.00724879	5042.84
104.541	-0.0032036	-0.00821275	693.209
103.36	-0.00288037	-0.00764395	671.253
93.0679	-0.00208385	-0.00646101	393.212
60.9619	-0.00215412	-0.00426551	423.182
37.5178	-0.00136157	-0.00793548	2298.81
33.147	-0.00160155	-0.00756398	3882.93
102.715	-0.00297752	-0.00717785	640.337
101.801	-0.00284498	-0.00670958	660.233
93.2594	-0.00214769	-0.00707494	301.65
62.8687	-0.001857	-0.00428278	459.409
39.3558	-0.00182857	-0.0084795	1836.63
35.9026	-0.00192798	-0.00813489	2733.79
100.584	-0.0028623	-0.0057075	612.245
100.277	-0.0026999	-0.00574675	734.766
92.3939	-0.00200788	-0.00773612	319.834
67.3812	-0.00187022	-0.00489549	421.227
39.624	-0.00220076	-0.0088553	1742.25
38.4709	-0.00220015	-0.00885721	2304.8
99.1255	-0.00263557	-0.00475805	702.285
99.1255	-0.00263079	-0.00475516	705.134
89.714	-0.00174133	-0.00783707	222.228
72.4783	-0.00190963	-0.00555099	348.036
40.3577	-0.00239409	-0.00943662	1809.69
40.3577	-0.0023908	-0.00944273	1807.46
106.36	-0.00290529	-0.009309	748.645
105.838	-0.00295177	-0.00899773	697.819
92.9402	-0.00260379	-0.00586428	399.564
62.0784	-0.00229625	-0.00493005	455.415
29.9276	-0.00101652	-0.00687466	6931.96
27.3534	-0.000973964	-0.00705825	9495.27
106.374	-0.00307645	-0.00928562	758.404
105.422	-0.00313402	-0.00873908	709.703
94.4579	-0.00254302	-0.00653149	467.406
58.9486	-0.00207655	-0.00427285	433.834
32.3025	-0.00109809	-0.00684923	5384.24
28.0119	-0.0011012	-0.00696971	5968.06
105.683	-0.00318921	-0.00892387	596.807
104.445	-0.00310523	-0.00815555	674.168
95.3369	-0.00255753	-0.00704678	444.12
57.1708	-0.00190238	-0.00377507	444.075
35.3723	-0.00128915	-0.0072349	3276.73
30.3774	-0.00136015	-0.00707346	4925.04
104.199	-0.00309744	-0.00818196	601.659
103.1	-0.0029726	-0.0073127	747.173
95.5245	-0.00269187	-0.00746352	384.736
58.3721	-0.00166339	-0.00377896	438.896
37.2027	-0.00161717	-0.00771118	2507.15
33.4564	-0.00167198	-0.00748653	3306.88
102.221	-0.00285743	-0.00706817	560.24
101.622	-0.00289347	-0.00628792	716.522
94.7505	-0.00248079	-0.00785989	336.849
62.39	-0.00161675	-0.0043135	511.904
37.9004	-0.00198532	-0.00818214	2054.72
36.4618	-0.0019535	-0.00811941	2438.66
100.584	-0.00282251	-0.005965	722.801
100.277	-0.00290572	-0.00529227	584.13
92.3939	-0.00219771	-0.0079229	296.274
67.3812	-0.00192865	-0.00490469	474.898
39.624	-0.00222501	-0.00902902	2047.5
38.4709	-0.00217291	-0.00867599	1944.42
106.77	-0.00299357	-0.00951048	718.13
105.574	-0.00337459	-0.00869444	617.312
95.9297	-0.00265582	-0.00712133	545.107
55.6953	-0.00205543	-0.00365538	476.336
33.9192	-0.00111981	-0.00671821	4893.55
26.4007	-0.00105306	-0.00686997	5512.2
106.571	-0.00306442	-0.00940944	691.452
105.142	-0.00346972	-0.00834458	805.819
96.6429	-0.00241402	-0.00752858	498.996
53.8023	-0.00196148	-0.00318717	572.999
35.9725	-0.0012139	-0.00699278	3376.73
27.3178	-0.00118312	-0.00685327	4922.27
105.648	-0.00312352	-0.00897964	574.1
104.272	-0.00338042	-0.00775002	704.796
96.5591	-0.00253005	-0.00771589	421.717
54.8051	-0.00189239	-0.00329161	502.313
36.8205	-0.00142972	-0.00728937	2864.31
30.1224	-0.00139063	-0.00703455	3968.1
104.199	-0.00315579	-0.0082232	570.985
103.1	-0.00309512	-0.00700345	672.307
95.5245	-0.00240522	-0.00769247	347.57
58.3721	-0.00188678	-0.0038412	515.967
37.2027	-0.00164503	-0.00771685	2543.87
33.4564	-0.00166811	-0.00744103	2893.76
102.715	-0.00314597	-0.0072348	662.601
101.801	-0.00308035	-0.00623194	639.055
93.2594	-0.00179318	-0.00744385	350.068
62.8687	-0.00206029	-0.00434444	503.596
39.3558	-0.00189683	-0.00861121	1769.29
35.9026	-0.00194429	-0.00796864	2475.43
106.914	-0.00302619	-0.00955959	711.827
105.37	-0.00364497	-0.00832141	661.988
97.0682	-0.00226959	-0.00778118	406.472
52.3076	-0.00219599	-0.00289023	691.605
36.6621	-0.00115783	-0.00700721	3416.55
26.0564	-0.0011179	-0.00680267	4024.15
106.571	-0.00308134	-0.00938443	760.477
105.142	-0.00354912	-0.0081106	691.412
96.6429	-0.00216323	-0.00773514	430.71
53.8023	-0.00212688	-0.00330436	588.898
35.9725	-0.00119278	-0.00690464	3146.94
27.3178	-0.00119935	-0.00685099	4422.57
105.683	-0.00320647	-0.00889211	657.084
104.445	-0.00321024	-0.00771773	518.218
95.3369	-0.00209183	-0.00742407	366.658
57.1708	-0.00216669	-0.00393864	531.73
35.3723	-0.00131744	-0.00714917	3160.06
30.3774	-0.00139252	-0.00704609	4026.59
104.541	-0.00325075	-0.00813766	682.339
103.36	-0.00307752	-0.00714274	613.239
93.0679	-0.00177892	-0.00692972	335.573
60.9619	-0.00253055	-0.00442002	456.006
37.5178	-0.00140282	-0.007993	2039.64
33.147	-0.00162243	-0.00741151	3725.6
106.77	-0.0028727	-0.00944942	819.327
105.574	-0.00343507	-0.00828854	606.472
95.9297	-0.00194627	-0.00748302	354.944
55.6953	-0.00215573	-0.00385879	556.381
33.9192	-0.00110751	-0.00657043	4537.6
26.4007	-0.00108414	-0.00686591	3853.64
106.374	-0.00302113	-0.00919322	709.716
105.422	-0.00339285	-0.00821643	512.925
94.4579	-0.00192325	-0.00700069	397.76
58.9486	-0.00242411	-0.0045098	466.969
32.3025	-0.00109532	-0.00669683	4810.8
28.0119	-0.00117037	-0.00695911	3915.85
105.629	-0.0030938	-0.00864728	665.59
104.666	-0.00304548	-0.00787115	532.189
92.2081	-0.00174774	-0.00634936	289.077
62.2916	-0.00285481	-0.00510795	366.869
33.5677	-0.00112275	-0.00735794	3330.73
30.7259	-0.00133712	-0.00710644	4511.52
106.36	-0.00302244	-0.00919784	672.107
105.838	-0.00327866	-0.00839175	518.076
92.9402	-0.00175941	-0.00639479	320.082
62.0784	-0.00289097	-0.00519996	365.011
29.9276	-0.00103725	-0.00669962	6516.22
27.3534	-0.00103101	-0.00705396	5197.23
105.975	-0.00306239	-0.00882652	592.574
105.506	-0.00321089	-0.00832289	500.077
90.7784	-0.00139273	-0.00560826	293.638
65.2614	-0.00302852	-0.00595236	260.216
29.7565	-0.00104516	-0.00718318	5069.86
29.1265	-0.00110056	-0.0070593	5820.18
105.759	-0.0030334	-0.00871312	693.228
105.759	-0.00314819	-0.00844825	572.602
88.8112	-0.00119617	-0.00464484	254.947
68.3772	-0.00337196	-0.00691736	178.683
28.7027	-0.00105618	-0.00729642	6419.84
28.7027	-0.00102475	-0.0072063	6142.36
106.772	-0.00308705	-0.00955429	719.278
106.772	-0.00308705	-0.00955429	719.278
95.4104	-0.00324978	-0.00659792	518.459
58.8194	-0.00205048	-0.00432563	460.542
26.2577	-0.000903977	-0.00658336	9121.51
26.2577	-0.000903977	-0.00658336	9121.51
107.201	-0.00309267	-0.00975708	700.341
106.564	-0.0030657	-0.0094585	676.486
97.1696	-0.00310149	-0.00721097	532.644
55.4894	-0.0018487	-0.0037962	533.867
26.6051	-0.00088773	-0.00639124	7965.61
26.5485	-0.000994194	-0.00626631	8977.57
106.837	-0.00338442	-0.00957122	606.513
105.769	-0.00310317	-0.00903347	725.686
98.2777	-0.00304005	-0.00768466	596.474
53.1561	-0.00173864	-0.00341785	526.454
29.6983	-0.00100597	-0.0064278	4353.05
28.1576	-0.00121628	-0.00622653	6154.2
105.526	-0.00331746	-0.00893544	502.779
104.502	-0.00298291	-0.00832752	701.56
98.7605	-0.00307303	-0.00806272	481.629
53.4675	-0.00169468	-0.00339822	480.517
32.7276	-0.00133985	-0.00673875	3144.24
30.6969	-0.00150759	-0.00654244	3836.17
103.413	-0.00306603	-0.00765503	513.934
102.968	-0.00286415	-0.00743222	692.861
98.4595	-0.00321603	-0.00856408	344.807
57.0311	-0.00133682	-0.00386467	571.149
34.4814	-0.00176071	-0.00716551	2730.11
33.6275	-0.00180539	-0.00718796	3598.31
101.45	-0.00294295	-0.00627233	663.516
101.45	-0.00294549	-0.00626973	664.806
96.5523	-0.00313413	-0.00894758	297.616
62.2215	-0.00140144	-0.00445912	570.745
36.3905	-0.00204536	-0.00794315	2309.58
36.3905	-0.0020432	-0.00794737	2302.64
107.748	-0.00308143	-0.010066	690.395
107.015	-0.00331133	-0.00966528	674.976
99.0529	-0.00321457	-0.00779732	709.888
51.9421	-0.00175748	-0.00331058	611.618
26.8374	-0.000935788	-0.00584133	7545.48
23.8333	-0.000872843	-0.00613757	8012
107.782	-0.00306029	-0.0100865	680.239
106.652	-0.00332915	-0.00943197	639.487
100.196	-0.00315076	-0.00825139	665.43
49.242	-0.00162309	-0.0029422	710.678
28.7084	-0.0010157	-0.00574836	5420.12
24.3534	-0.000969126	-0.00598216	6708.19
106.932	-0.00326225	-0.00971909	598.822
105.727	-0.00331187	-0.00886244	729.144
100.633	-0.00322993	-0.00855542	439.566
48.9754	-0.00151493	-0.00290784	658.468
30.8824	-0.00120994	-0.00599773	4565.31
26.9574	-0.00121108	-0.00602569	4936.31
105.251	-0.00316112	-0.00891747	517.373
104.432	-0.00313675	-0.00799558	587.731
100.237	-0.00319989	-0.0087865	375.262
52.0226	-0.00140307	-0.00334364	713.143
32.358	-0.00151255	-0.00642332	3586.66
30.3912	-0.00150599	-0.00642809	3678.58
103.413	-0.00301088	-0.00780442	648.842
102.968	-0.00293663	-0.00696079	622.414
98.4595	-0.00289127	-0.00886	414.463
57.0311	-0.00147106	-0.00390148	699.04
34.4814	-0.00180973	-0.00730142	2581.25
33.6275	-0.00179776	-0.00702946	2933.34
108.276	-0.00302373	-0.0103228	665.688
106.861	-0.00360777	-0.00940861	658.058
101.216	-0.00308649	-0.0086909	459.616
46.3605	-0.00153048	-0.00252453	1012.14
29.7486	-0.000995635	-0.00555502	5673.36
22.4217	-0.000904423	-0.00590636	7137.92
107.989	-0.00306117	-0.0102001	738.147
106.52	-0.00355815	-0.00908994	625.035
101.385	-0.00306716	-0.00889827	458.87
46.1141	-0.00160036	-0.002516	863.529
30.6063	-0.00107887	-0.00564885	5378.29
23.5573	-0.000997894	-0.00586714	5801.58
106.932	-0.00320477	-0.00971968	627.844
105.727	-0.00336121	-0.00854244	567.964
100.633	-0.00299871	-0.0088322	395.828
48.9754	-0.00157361	-0.00299335	866.161
30.8824	-0.00122194	-0.00594727	4250.44
26.9574	-0.00122974	-0.00601357	5089.88
105.526	-0.00324214	-0.00889988	634.008
104.502	-0.00303473	-0.00783261	546.314
98.7605	-0.00255986	-0.00852332	357.221
53.4675	-0.00172744	-0.00350824	682.808
32.7276	-0.00140172	-0.00681242	2687.68
30.6969	-0.00151842	-0.00639817	3720.72
108.276	-0.00297609	-0.0102949	747.499
106.861	-0.0036442	-0.00914011	558.937
101.216	-0.00272106	-0.00893941	374.328
46.3605	-0.00165692	-0.00263649	894.948
29.7486	-0.000976387	-0.00547019	5680.01
22.4217	-0.000934492	-0.00590097	4892.78
107.782	-0.00299755	-0.010035	655.015
106.652	-0.00336441	-0.00896268	523.06
100.196	-0.00273398	-0.00868117	439.572
49.242	-0.00182322	-0.00311748	859.005
28.7084	-0.0010187	-0.00562623	5303.73
24.3534	-0.00102291	-0.00597322	5001.78
106.837	-0.00321053	-0.00943699	626.422
105.769	-0.00325967	-0.00851902	525.517
98.2777	-0.0024676	-0.00821394	389.568
53.1561	-0.00199173	-0.00360975	514.004
29.6983	-0.00102921	-0.00643388	3077.35
28.1576	-0.00125539	-0.00609253	4451.76
107.748	-0.0029312	-0.00998684	712.816
107.015	-0.00334608	-0.00909008	444.902
99.0529	-0.00269159	-0.00831692	378.626
51.9421	-0.00205402	-0.00353599	641.707
26.8374	-0.000938737	-0.00568991	6746.97
23.8333	-0.000884077	-0.00612612	4323.38
107.201	-0.00311135	-0.00955157	564.433
106.564	-0.00316356	-0.00893139	522.027
97.1696	-0.00240621	-0.00777954	341.256
55.4894	-0.00210191	-0.00404016	523.855
26.6051	-0.000930102	-0.00635696	4079.99
26.5485	-0.00102894	-0.00613776	5459.23
106.772	-0.0030484	-0.00929914	557.827
106.772	-0.0031902	-0.0090231	456.428
95.4104	-0.00181781	-0.00719059	337.451
58.8194	-0.00253791	-0.00459379	440.275
26.2577	-0.000983796	-0.00653549	6854.49
26.2577	-0.00095729	-0.00645576	7007.83
108.174	-0.00309804	-0.0103153	699.66
108.174	-0.00309804	-0.0103153	699.66
101.237	-0.00339482	-0.00836274	842.079
48.1041	-0.00150741	-0.00289047	842.664
22.4704	-0.000803695	-0.00548405	8787.45
22.4704	-0.000803695	-0.00548405	8787.45
108.634	-0.00323356	-0.0105455	655.569
107.988	-0.00320916	-0.0102336	625.121
102.627	-0.00346879	-0.00881106	806.75
44.8706	-0.00134437	-0.00256538	932.991
22.7221	-0.00089114	-0.00504767	7536.58
22.346	-0.000778851	-0.00527463	7975.08
108.098	-0.00324613	-0.0103274	618.131
107.217	-0.0031305	-0.00983224	630.371
103.34	-0.00361312	-0.00910998	586.422
43.6522	-0.00131052	-0.00251494	960.521
25.0451	-0.000942785	-0.0052139	4989.81
24.5201	-0.00109649	-0.00500326	5172.3
106.494	-0.00315517	-0.00951653	514.024
105.977	-0.00308675	-0.00915808	666.363
103.38	-0.00358236	-0.00939069	408.77
45.9257	-0.00117295	-0.00288665	861.241
27.8304	-0.00126136	-0.00542154	4998.24
27.3635	-0.0013487	-0.00541682	5506.74
104.468	-0.00300835	-0.00806991	595.781
104.468	-0.00300844	-0.0080679	596.573
102.154	-0.00350797	-0.00996551	388.871
51.0157	-0.00111412	-0.00343582	963.905
30.604	-0.00159135	-0.00613124	4152.56
30.604	-0.00159055	-0.00613359	4136.82
109.239	-0.00306954	-0.0108552	686.069
108.449	-0.00317854	-0.0104393	581.774
104.115	-0.00362386	-0.00927713	727.117
41.1494	-0.00116097	-0.00220608	1161.1
22.5529	-0.000815748	-0.00456556	8446.9
19.342	-0.000727449	-0.00500313	8607.81
109.158	-0.00307319	-0.0108413	674.253
108.1	-0.00345629	-0.0101872	607.146
104.815	-0.00348618	-0.00959818	576.642
39.3774	-0.00119506	-0.00208662	1149.69
23.9984	-0.000892272	-0.00445006	7153.92
20.0323	-0.000805073	-0.00483071	9071.3
108.102	-0.003072	-0.010412	525.697
107.229	-0.00325047	-0.00956503	621.896
104.699	-0.00337287	-0.00977535	423.68
41.1212	-0.0011661	-0.00241714	1119.4
25.6626	-0.00108941	-0.00470703	5595
23.2726	-0.0010483	-0.00487794	7270.97
106.494	-0.00323689	-0.00955908	586.936
105.977	-0.00316053	-0.00867201	599.586
103.38	-0.00318634	-0.00980378	404.902
45.9257	-0.00114538	-0.00294301	1020.65
27.8304	-0.00133189	-0.00551305	4660.85
27.3635	-0.00133088	-0.00528589	4952.97
109.611	-0.00302196	-0.0110245	958.134
108.349	-0.00348994	-0.0101313	705.317
105.286	-0.00304739	-0.00992354	461.8
37.5756	-0.00111752	-0.00188655	1199.12
24.0503	-0.000850012	-0.00423053	8366.8
18.1325	-0.000734181	-0.00484287	7838.24
109.158	-0.00293728	-0.0108242	670.901
108.1	-0.00342768	-0.00983345	543.949
104.815	-0.00326884	-0.00993035	439.48
39.3774	-0.00124411	-0.00217984	1368.88
23.9984	-0.000886987	-0.00438095	6420.51
20.0323	-0.000841228	-0.00482464	6514.03
108.098	-0.00311514	-0.0102296	638.97
107.217	-0.003215	-0.00932671	538.57
103.34	-0.00309459	-0.00964383	441.592
43.6522	-0.00132465	-0.00264933	1295.21
25.0451	-0.00100155	-0.00523664	4024.22
24.5201	-0.00111093	-0.00488333	5506.82
109.239	-0.00293162	-0.0108091	628.443
108.449	-0.00332973	-0.00990875	540.65
104.115	-0.00322833	-0.00977624	408.975
41.1494	-0.00148488	-0.00236843	1406.28
22.5529	-0.00080961	-0.00445112	7995.21
19.342	-0.000766558	-0.00498884	4276.94
108.634	-0.00303914	-0.0103717	602.123
107.988	-0.00316952	-0.00971551	559.244
102.627	-0.00277934	-0.00939381	373.296
44.8706	-0.00158845	-0.00275975	1182.15
22.7221	-0.000900043	-0.00493338	7125.26
22.346	-0.000797899	-0.00524716	4666
108.174	-0.00304083	-0.0100845	579.525
108.174	-0.00319528	-0.00979325	513.333
101.237	-0.00263004	-0.00897418	543.429
48.1041	-0.00177899	-0.00311806	715.931
22.4704	-0.000851415	-0.00543551	7289.02
22.4704	-0.000826424	-0.0053704	7847.43
109.656	-0.00314084	-0.0110909	587.442
109.656	-0.00314084	-0.0110909	587.442
105.917	-0.00379404	-0.00972628	895.833
36.6665	-0.00101488	-0.00186504	1290.29
17.6601	-0.000674799	-0.00419237	7677.75
17.6601	-0.000674799	-0.00419237	7677.75
109.98	-0.00313951	-0.0112623	637.739
109.465	-0.00323761	-0.0110057	567.795
106.894	-0.00382893	-0.0100432	592.109
33.8004	-0.000956398	-0.00170881	1747.03
18.0188	-0.000746492	-0.00370648	6935.17
17.4065	-0.000629456	-0.00397802	9375.54
109.16	-0.00309237	-0.0109164	506.207
108.698	-0.00323325	-0.010611	614.295
107.184	-0.0036128	-0.0102187	454.391
34.3319	-0.000875884	-0.00197178	2077.32
20.2811	-0.000922515	-0.00378726	9326.58
20.2808	-0.000840395	-0.00386599	7183.97
107.468	-0.00316942	-0.00971679	756.06
107.468	-0.00316335	-0.00971551	755.025
106.506	-0.00355511	-0.0108337	342.208
39.0064	-0.00095406	-0.00248913	1515.57
23.6709	-0.00115192	-0.00436384	6906.6
23.6709	-0.00115157	-0.00436487	6907.87
110.544	-0.00304493	-0.0115266	894.815
109.853	-0.00325704	-0.011141	641.952
107.936	-0.00355876	-0.010418	510.133
30.1263	-0.000843067	-0.00143294	2347.13
17.4084	-0.000670956	-0.00320119	8906.26
14.2904	-0.000557599	-0.00377132	9232.5
110.259	-0.00308938	-0.0114277	726.976
109.527	-0.00340172	-0.0107797	700.21
108.102	-0.00340929	-0.0106742	556.695
30.0802	-0.000835679	-0.00156996	2674.73
18.4663	-0.0007421	-0.00318493	8775.74
15.7555	-0.000660259	-0.00360978	6942.43
109.16	-0.00313942	-0.0108738	709.318
108.698	-0.00320341	-0.0101147	678.98
107.184	-0.00324288	-0.0107301	482.472
34.3319	-0.000942104	-0.00204088	2470.72
20.2811	-0.000912571	-0.00368709	7437.17
20.2808	-0.000888712	-0.00391197	7834.93
110.544	-0.00283588	-0.0115083	766.446
109.853	-0.00324537	-0.0107123	593.861
107.936	-0.00329921	-0.0108347	465.569
30.1263	-0.000933278	-0.00152042	2508.15
17.4084	-0.00065814	-0.00313707	9186.3
14.2904	-0.000576722	-0.00376082	6978.05
109.98	-0.00300276	-0.0111201	685.327
109.465	-0.0031739	-0.0104968	583.481
106.894	-0.00320811	-0.0106362	486.243
33.8004	-0.00105894	-0.00184508	2436.58
18.0188	-0.000742148	-0.00361291	7211.1
17.4065	-0.000670665	-0.00396377	4861.76
109.656	-0.00325109	-0.0105781	523.476
109.656	-0.00311058	-0.0108851	612.71
105.917	-0.0029895	-0.0103587	617.671
36.6665	-0.00120332	-0.00204105	2015.38
17.6601	-0.000696335	-0.00414808	6267.74
17.6601	-0.000672926	-0.00409944	7874.63
110.931	-0.00312922	-0.0117382	857.178
110.931	-0.00312922	-0.0117382	857.178
109.324	-0.00370094	-0.0107301	743.561
24.7209	-0.000695248	-0.00110117	4178.63
12.1375	-0.000482178	-0.00281499	13653
12.1375	-0.000482178	-0.00281499	13653
110.994	-0.00299093	-0.0117831	687.772
110.717	-0.00304239	-0.0116367	911.311
109.867	-0.00345919	-0.0109221	550.057
22.7251	-0.000581828	-0.00113536	3524.15
12.8855	-0.000564027	-0.00239298	11840.6
12.3876	-0.000498065	-0.00257019	10806.9
109.932	-0.00312977	-0.0109916	733.989
109.932	-0.00313389	-0.010991	736.504
109.608	-0.00331745	-0.0114985	449.868
26.3671	-0.000571728	-0.00161352	4595.75
16.0702	-0.000735342	-0.00276762	9638.13
16.0702	-0.000735233	-0.00276794	9627.38
111.439	-0.00296712	-0.0119788	745.214
111.017	-0.00310513	-0.0115367	769.432
110.384	-0.0033174	-0.0113209	664.998
19.6855	-0.000492895	-0.000911393	5693
11.6724	-0.000476519	-0.00194366	11859.3
9.29941	-0.000377949	-0.00252236	18142.6
110.994	-0.00292703	-0.0116793	757.529
110.717	-0.00302766	-0.0111357	705.897
109.867	-0.00309794	-0.0115068	616.242
22.7251	-0.000604	-0.00120822	7590.7
12.8855	-0.00056089	-0.00232569	11930.3
12.3876	-0.000529673	-0.00257594	9952.96
110.931	-0.00298274	-0.0112332	685.122
110.931	-0.00288471	-0.0115534	745.529
109.324	-0.00314373	-0.0113797	572.559
24.7209	-0.000774602	-0.00122056	5741.49
12.1375	-0.00050767	-0.002781	11659.9
12.1375	-0.000483793	-0.00274903	14806.9
111.785	-0.00298216	-0.0121616	833.974
111.785	-0.00298216	-0.0121616	833.974
111.391	-0.00329726	-0.0113507	802.019
12.443	-0.000329543	-0.000507619	7625.07
6.17351	-0.000256285	-0.00140998	38109.9
6.17351	-0.000256285	-0.00140998	38109.9
111.532	-0.00296389	-0.0117886	752.389
111.532	-0.00296309	-0.0117885	753.043
111.466	-0.00309374	-0.0119165	663.916
13.2941	-0.000274185	-0.00079214	14858.4
8.11197	-0.000369348	-0.00133621	21140.9
8.11197	-0.000369379	-0.00133625	21137.7
111.785	-0.00286905	-0.0119907	794.89
111.785	-0.0030053	-0.0116616	758.328
111.391	-0.00295227	-0.0120112	745.572
12.443	-0.000344443	-0.000567857	31919.3
6.17351	-0.000266844	-0.0013915	44153.3
6.17351	-0.000250107	-0.00137573	48905.8
112.084	-0.00289705	-0.0120592	771.696
112.084	-0.00289912	-0.0120592	782.897
112.084	-0.00289904	-0.0120592	786.555
0	0	0	0
0	0	0	0
0	0	0	0
