720 Out of 16464 QH, Third, Fourth Freq in rad/ps and Lifetimes in ps for a 14x14x14 Si Lattice at 5K. (atoms/UC=2)
105.388	-0.00329101	-0.00891266	107810
105.388	-0.00329101	-0.00891266	107807
84.2179	-0.00230831	-0.000415592	208089
73.9609	0.00392803	-0.0103549	1049.56
29.5508	-0.00112029	-0.0077349	357925
29.5508	-0.00112029	-0.0077349	357925
105.243	-0.0057057	-0.00877527	435.22
105.075	-0.0032964	-0.0087338	1882.98
84.7822	-0.00457617	-0.00142566	5084.87
72.789	-0.00405412	-0.0093213	149.507
31.4655	-0.000978239	-0.0077432	15165.5
30.1693	-0.0010562	-0.00779514	418010
104.743	-0.00261027	-0.00836838	2009.6
104.181	-0.00404533	-0.00821503	2347.75
85.8881	-3.4954e-05	-0.00303496	17251.5
70.1687	-0.00383626	-0.00758936	2710.4
36.1644	-0.00121529	-0.00803225	23912.8
31.883	-0.00121084	-0.00800009	441079
103.759	-0.00400845	-0.00769575	14573
102.835	-0.00283233	-0.00741334	42277.9
86.8442	-0.000982701	-0.00434878	18313.4
67.8423	-0.00268954	-0.00599371	374.81
41.3271	-0.00158886	-0.00891297	41967.5
34.3262	-0.00158843	-0.00838753	3130.45
102.242	-0.00300301	-0.00674357	47426.9
101.257	-0.00219202	-0.00643639	31577.6
87.3065	0.000267872	-0.00542965	59146.9
68.0148	-0.00354251	-0.00496134	1179.82
44.2685	-0.00310157	-0.00994202	865.273
37.0215	-0.00199983	-0.00894674	8743.77
100.405	-0.00316417	-0.00554692	3865.18
99.7462	-0.00171656	-0.00545664	30243.3
86.9257	-0.0030305	-0.00636729	1364.74
71.6148	-0.00320372	-0.00520415	2912.38
43.9838	-0.00198396	-0.0102063	57746.2
39.463	-0.00231469	-0.0095794	50122.4
98.8418	-0.00333855	-0.0044325	13192.4
98.643	-0.00268477	-0.00470873	138982
85.1703	0.000771841	-0.00694978	1091.45
76.7944	-0.00517376	-0.00605558	320.222
42.5014	-0.00295311	-0.0101335	5106.53
41.1741	-0.00252311	-0.0101004	87089.2
98.2363	-0.0065184	-0.00420726	4966.95
98.2363	-0.00651455	-0.00420425	4965.14
81.6706	-0.00343938	-0.00673043	1903.64
81.6706	-0.00301178	-0.00685848	2832.28
41.7912	-0.00258019	-0.0101998	33277.4
41.7912	-0.00257563	-0.0102069	33275.5
105.388	-0.00317864	-0.00890513	68407.5
105.192	-0.003006	-0.00875164	33978
86.4591	-0.00218224	-0.00287681	51579.5
70.7682	-0.00330813	-0.00789618	788.846
31.5279	-0.00107751	-0.00762451	438755
29.5508	-0.00108291	-0.00773505	343517
105.228	-0.00261187	-0.00874288	991.951
104.675	-0.00249614	-0.00843525	22032.7
88.0522	-0.00119461	-0.00415222	467.306
67.8083	-0.00468555	-0.00656841	1445.14
34.5441	-0.00118195	-0.00770587	45681.1
30.4803	-0.00120338	-0.00778499	40200.3
104.578	-0.00356176	-0.0082982	5028.63
103.627	-0.0034806	-0.00780099	9380.42
89.2163	-0.00246756	-0.00513513	345.633
65.1284	-0.00101925	-0.00540888	1305.43
38.7325	-0.0014459	-0.00825032	32033.5
32.7554	-0.00140058	-0.00801097	10935.3
103.311	-0.00305	-0.00755675	38277.9
102.238	-0.00365707	-0.00692298	458.991
89.8052	-0.00196622	-0.00592855	14283.8
64.5302	-0.00250686	-0.00458094	819.567
41.7776	-0.00145795	-0.00909479	4244.55
35.6567	-0.00165321	-0.00847432	26094.5
101.541	-0.00278867	-0.00651592	35541.3
100.76	-0.00325015	-0.00592916	22319.4
89.6128	-3.57144e-05	-0.006621	1156.56
67.2578	-0.00287113	-0.0046911	546.824
42.1924	-0.00227125	-0.00951682	3839.22
38.5694	-0.00246462	-0.00912796	4567.74
99.7836	-0.00285704	-0.00542679	50594.9
99.4837	-0.00260007	-0.00494714	75092
88.2189	-0.00285326	-0.0071278	21693.3
71.9763	-0.00148994	-0.00538161	854.018
41.5564	-0.00284953	-0.00976077	44259.6
40.7829	-0.00213626	-0.00973422	9350.47
98.8418	-0.00315678	-0.00479239	13673
98.643	-0.0028851	-0.00426293	201725
85.1703	-0.00165375	-0.00706495	1042.13
76.7944	-0.00307806	-0.00601902	442.627
42.5014	-0.00382303	-0.0103361	3572.25
41.1741	-0.00267422	-0.00990132	571.676
105.388	-0.00307441	-0.00888406	56801.4
104.695	-0.00225823	-0.0083026	14590
89.7911	-0.00177458	-0.0051062	27887.5
64.7522	-0.00218045	-0.00556494	5578.53
36.4197	-0.000974801	-0.00768238	44860.7
29.5508	-0.00106413	-0.0077355	11190.4
105.154	-0.0030278	-0.0087191	89418.6
104.147	-0.00345671	-0.00788948	2164.99
90.9241	-0.00306352	-0.00584056	531.133
61.9686	-0.00309417	-0.00461786	7762.91
39.4486	-0.00108339	-0.00810153	19456.4
30.5941	-0.00139095	-0.00780143	122005
104.35	-0.00195298	-0.00827444	2064.92
103.185	-0.00291675	-0.0072244	1685.22
91.3717	-0.00414099	-0.0063619	3076.91
61.072	-0.00242169	-0.00396529	1209.95
41.5687	-0.000751328	-0.00875507	2059.59
33.2682	-0.0017007	-0.00807405	97496.6
103.024	-0.00377946	-0.00756379	55911.6
101.995	-0.00467948	-0.00640537	1725.98
91.0109	-0.00512931	-0.00668444	256.076
63.2129	-0.0024002	-0.00413633	4586.84
41.7656	-0.00135868	-0.00909297	5594.8
36.4877	-0.00275574	-0.00857983	12868.8
101.541	-0.00322545	-0.00663445	46744.1
100.76	-0.00375992	-0.00560518	7177.18
89.6128	-0.000625248	-0.00680382	497.108
67.2578	0.000365162	-0.00471433	172.901
42.1924	-0.00194604	-0.00961368	13681.5
38.5694	-0.00233076	-0.00901777	1674.89
100.405	-0.00292118	-0.00573242	16194.5
99.7462	-0.00144934	-0.00499333	24024.8
86.9257	-0.00492855	-0.00664303	95.0538
71.6148	-0.00398476	-0.00518926	2928.15
43.9838	-0.00275235	-0.0103944	40338.3
39.463	-0.0024864	-0.0093921	2431.03
105.388	-0.00282172	-0.0088536	17570.2
104.217	-0.00375908	-0.00775525	111820
91.8756	-0.00168608	-0.006349	20208.6
59.3207	-0.00109064	-0.00379212	5987.15
41.4911	-0.000970022	-0.00844731	353.56
29.5508	-0.00117428	-0.00773618	7682.19
105.117	-0.0029237	-0.00869804	21776.9
103.872	-0.00421449	-0.00744154	5166.22
92.0396	-0.00217439	-0.00659064	18200.2
58.8372	-0.0042929	-0.00350537	1155.12
42.3421	-0.00156641	-0.00874623	45376.4
30.6335	-0.000794928	-0.00780995	1136.4
104.35	-0.00175109	-0.00827076	1264.2
103.185	-0.00289971	-0.00699434	6765.42
91.3717	-0.00242372	-0.00654687	994.158
61.072	-0.00139598	-0.00406551	1080.82
41.5687	-0.000761496	-0.00868964	1985.73
33.2682	-0.00151769	-0.00806589	8589.2
103.311	-0.00337434	-0.00758049	36737.6
102.238	-0.00310299	-0.00649008	548.524
89.8052	-0.00307052	-0.00626465	1725.37
64.5302	-0.00319054	-0.00469476	473.489
41.7776	-0.00154576	-0.00910281	5678.04
35.6567	-0.00187789	-0.00839194	48265.9
102.242	-0.00753883	-0.00676428	542.788
101.257	-0.000289449	-0.00594949	5279.65
87.3065	0.00344062	-0.00583628	52.3873
68.0148	-0.00372823	-0.00502572	1007.57
44.2685	-0.00170965	-0.0100725	1359.48
37.0215	-0.0021175	-0.00877429	10598.5
105.388	-0.00271185	-0.0088198	111931
104.217	-0.00397593	-0.00755282	140150
91.8756	-0.00133923	-0.00652842	16876.1
59.3207	-0.00266601	-0.00392967	10894.2
41.4911	-0.00128205	-0.00833828	96054.5
29.5508	-0.00111004	-0.00773688	6553.05
105.154	-0.00315632	-0.00866279	30412.6
104.147	-0.00429168	-0.00750851	3945.44
90.9241	-0.00257026	-0.00617239	335.97
61.9686	-0.00324288	-0.004825	23025.9
39.4486	-0.00118794	-0.00795034	18497.9
30.5941	-0.00125519	-0.00780026	36622
104.578	-0.00185514	-0.00822204	1148.54
103.627	-0.00400486	-0.00730413	9683.73
89.2163	-0.00133439	-0.00557745	376.589
65.1284	-0.000282786	-0.00562153	870.47
38.7325	-0.0017614	-0.00815612	4161.27
32.7554	-0.00147266	-0.00796091	9431.5
103.759	-0.00328064	-0.00758977	5286.6
102.835	-0.00362261	-0.00690254	28288.4
86.8442	0.000711787	-0.0048463	6111.39
67.8423	-0.00470409	-0.00616236	562.509
41.3271	-0.0022966	-0.00895909	12929.7
34.3262	-0.00146937	-0.00822896	10343
105.388	-0.00314468	-0.0087894	151613
104.695	-0.00341686	-0.00780205	39524.7
89.7911	0.000788412	-0.00554799	176.133
64.7522	-0.00383082	-0.00582268	118.467
36.4197	-0.0010696	-0.00749847	41979.3
29.5508	-0.00124163	-0.00773756	10297.3
105.228	-0.00312241	-0.00860058	17839.1
104.675	-0.00232329	-0.00788005	10615.6
88.0522	-0.00603252	-0.00467386	123.976
67.8083	-0.0032199	-0.00683013	217.542
34.5441	-0.00105146	-0.00754685	17498
30.4803	-0.00129407	-0.00776624	61787.7
104.743	-0.00306064	-0.00816819	26137.2
104.181	-0.00459495	-0.00768399	2133.69
85.8881	-0.00462486	-0.00360601	414.739
70.1687	-0.0034821	-0.00781433	3033.65
36.1644	-0.00106851	-0.00802389	12639.5
31.883	-0.00136661	-0.00785211	48179.4
105.388	-0.00254279	-0.00876828	32155.8
105.192	-0.00279096	-0.0081097	40279.9
86.4591	-0.00101304	-0.00346426	16374.1
70.7682	-0.00317159	-0.00816056	5891.36
31.5279	-0.00160937	-0.00743575	857.784
29.5508	-0.0011206	-0.00773796	425282
105.243	-0.00354607	-0.00851302	731.977
105.075	-0.00351545	-0.00818947	4965.11
84.7822	-0.000947469	-0.00206628	460.34
72.789	-0.00270841	-0.00954844	643.965
31.4655	-0.00119113	-0.00770786	20307.1
30.1693	-0.00112529	-0.00765332	598048
105.388	-0.0035782	-0.00862846	15585.9
105.388	-0.00355987	-0.00836369	13572
84.2179	-0.00139842	-0.00109586	278.998
73.9609	-0.000994608	-0.010567	467.449
29.5508	-0.00119017	-0.00769045	253423
29.5508	-0.00115297	-0.00759505	182588
105.759	-0.00378201	-0.00912809	6496.45
105.759	-0.00378201	-0.00912809	6496.45
88.8112	-0.00482176	-0.00411203	25803.5
68.3772	-0.0003231	-0.00674494	43.5035
28.7027	-0.00131096	-0.00745732	29342.9
28.7027	-0.00131096	-0.00745732	29342.9
105.975	-0.00384106	-0.00920473	34441.6
105.506	-0.00312199	-0.00899636	1943.04
90.7784	-0.00268763	-0.0051215	5451.83
65.2614	-0.00293426	-0.00577003	436.624
29.7565	-0.00106984	-0.00733267	132390
29.1265	-0.00111961	-0.00730929	400643
105.629	-0.00456753	-0.00895397	4472.19
104.666	-0.0029366	-0.00852445	33103.4
92.2081	-0.00504041	-0.00591554	402.912
62.2916	-0.00362383	-0.00495197	951.342
33.5677	-0.00113677	-0.00747793	17698.1
30.7259	-0.00159965	-0.0073629	27702.7
104.541	-0.00131457	-0.00834225	8821.79
103.36	-0.00343445	-0.00776465	8262.75
93.0679	0.00255863	-0.00656282	193.291
60.9619	0.000234186	-0.00433246	744.642
37.5178	-0.00139335	-0.0080603	69045.7
33.147	-0.00167154	-0.00768295	71278.2
102.715	-0.00113032	-0.00729115	1556.1
101.801	-0.00400546	-0.00681569	41265
93.2594	-0.00264075	-0.0071865	298.847
62.8687	-0.00124152	-0.00435019	2478.01
39.3558	-0.00205876	-0.00861293	53803.5
35.9026	-0.00168315	-0.00826281	1854.03
100.584	-0.0038349	-0.005798	7796.63
100.277	-0.00270168	-0.00583772	40293.7
92.3939	-0.00294006	-0.00785804	10731.4
67.3812	-0.0026878	-0.00497263	3740.73
39.624	-0.00236853	-0.00899468	54321.9
38.4709	-0.00231252	-0.00899659	22727.4
99.1255	-0.00185358	-0.0048336	4623.06
99.1255	-0.00184532	-0.00483066	4626.66
89.714	-0.00419747	-0.00796064	10299.7
72.4783	-0.00392361	-0.00563855	1039.9
40.3577	-0.00247509	-0.0095852	10855.3
40.3577	-0.00247283	-0.00959142	10905
106.36	-0.00244817	-0.00945574	18302.9
105.838	-0.00304398	-0.00913963	127113
92.9402	-0.000923014	-0.00595681	2161.19
62.0784	-0.00240949	-0.00500749	13389.8
29.9276	-0.00107569	-0.0069828	97876.3
27.3534	-0.000951513	-0.00716947	314671
106.374	-0.00251074	-0.009432	3239.81
105.422	-0.00339063	-0.00887696	5566.75
94.4579	-0.0021589	-0.00663454	11200.1
58.9486	-0.00258857	-0.00434	16159.9
32.3025	-0.00113538	-0.0069569	9701.15
28.0119	-0.00104281	-0.00707947	40174.2
105.683	-0.00321195	-0.00906465	3133.62
104.445	-0.00356725	-0.00828428	2701.08
95.3369	-0.00264512	-0.00715795	339.225
57.1708	-0.00385091	-0.00383446	279.253
35.3723	-0.00125784	-0.0073486	3794.06
30.3774	-0.00138705	-0.00718477	96836.4
104.199	-0.00323321	-0.00831112	3180.08
103.1	-0.0024954	-0.00742817	15193.5
95.5245	-0.00391545	-0.00758129	1639.5
58.3721	-0.00256364	-0.00383848	1862.54
37.2027	-0.00148415	-0.00783236	7630.55
33.4564	-0.00190418	-0.0076043	7871.28
102.221	-0.00297818	-0.00717985	45692.1
101.622	-0.00315008	-0.00638743	11619.4
94.7505	-0.000325691	-0.00798367	217.711
62.39	-0.00184427	-0.00438142	6755.22
37.9004	-0.00227614	-0.00831086	10475.1
36.4618	-0.00200851	-0.00824712	29577.5
100.584	-0.00267338	-0.0060594	9682.61
100.277	-0.00402209	-0.00537631	43368.7
92.3939	-0.00314756	-0.00804775	35238.9
67.3812	-0.00275611	-0.00498197	5996.99
39.624	0.00083507	-0.00917108	109.614
38.4709	-0.00252497	-0.00881258	64493
106.77	-0.000368388	-0.00966021	2936.75
105.574	-0.00344521	-0.00883163	45488.1
95.9297	-0.00329779	-0.0072337	857.529
55.6953	-0.00117028	-0.00371275	4383.93
33.9192	-0.00109266	-0.00682373	46580.5
26.4007	-0.00109841	-0.0069783	3952.5
106.571	-0.00212082	-0.00955774	1099.04
105.142	-0.00364491	-0.00847631	7759.53
96.6429	-0.00220409	-0.00764725	30070.2
53.8023	-0.00210244	-0.00323728	9428.87
35.9725	-0.00116995	-0.0071026	119597
27.3178	-0.00140065	-0.00696132	6800.85
105.648	-0.00481532	-0.00912142	956.563
104.272	-0.00393924	-0.00787249	498.457
96.5591	-0.00215482	-0.00783747	19951.9
54.8051	-0.00318554	-0.00334346	1105.56
36.8205	-0.00207594	-0.00740392	1246.96
30.1224	-0.00143348	-0.00714528	284746
104.199	-0.00315979	-0.00835299	13958.8
103.1	-0.00241309	-0.00711414	3562.11
95.5245	-0.00236391	-0.00781368	1194.12
58.3721	-0.00282817	-0.0039017	39431.5
37.2027	-0.00155267	-0.00783812	3510.55
33.4564	-0.0016006	-0.00755803	8184.35
102.715	-0.000431016	-0.00734897	1183.37
101.801	-0.00327863	-0.00633063	66806.2
93.2594	-0.00212271	-0.00756107	167.769
62.8687	-0.00148764	-0.00441279	2010.62
39.3558	-0.00179267	-0.00874664	34912
35.9026	-0.00178621	-0.00809397	1231.09
106.914	-0.00291446	-0.00971031	26884.5
105.37	-0.0028945	-0.00845274	33641.9
97.0682	-0.00368883	-0.00790387	583.549
52.3076	-0.00134259	-0.00293565	295.812
36.6621	-0.00109947	-0.00711725	115460
26.0564	-0.00123477	-0.00690997	109586
106.571	-0.00319832	-0.00953243	17809.8
105.142	-0.00323975	-0.00823868	13588
96.6429	-0.00189625	-0.00785698	5640.37
53.8023	-0.00248902	-0.00335631	4864.73
35.9725	-0.00094147	-0.00701303	77931.5
27.3178	-0.00129916	-0.00695897	5583.17
105.683	-0.00325617	-0.0090324	6587.3
104.445	-0.0035324	-0.00783969	3272.51
95.3369	-0.00390653	-0.00754105	26.7287
57.1708	-0.00314379	-0.00400055	893.814
35.3723	-0.00145298	-0.00726155	5616.06
30.3774	-0.00130615	-0.00715695	25632.7
104.541	-0.00267154	-0.00826609	33568.4
103.36	-0.003149	-0.00725568	36236.8
93.0679	0.00541157	-0.00703865	204.832
60.9619	-0.00163679	-0.00448945	812.642
37.5178	-0.00141232	-0.00811871	109987
33.147	-0.00164135	-0.00752808	22129.7
106.77	-0.000505694	-0.00959822	4044.8
105.574	-0.00363508	-0.00841947	28248.2
95.9297	-0.00357262	-0.00760103	4222.48
55.6953	-0.00162684	-0.00391933	37311.2
33.9192	-0.00119089	-0.00667364	39809.3
26.4007	-0.00105433	-0.00697417	3405.96
106.374	-0.00228002	-0.00933816	1957.22
105.422	-0.00382293	-0.00834625	2924.95
94.4579	-0.00134716	-0.00711095	29430.5
58.9486	-0.00242982	-0.00458061	3190.51
32.3025	-0.00130169	-0.00680213	8286.68
28.0119	-0.00104007	-0.0070687	21155.6
105.629	-0.00409152	-0.00878384	9797.06
104.666	-0.00253703	-0.00799546	24215.7
92.2081	-0.00468242	-0.00644963	1433.8
62.2916	-0.00527493	-0.00518826	176.368
33.5677	-0.000520485	-0.00747358	6049.71
30.7259	-0.00146925	-0.00721828	39994.4
106.36	-0.00314628	-0.00934293	13919.4
105.838	-0.00284059	-0.00852426	7267.99
92.9402	-0.00452895	-0.00649571	394.657
62.0784	-0.00381998	-0.00528168	6484.88
29.9276	-0.00111543	-0.00680501	34928.7
27.3534	-0.00104532	-0.00716512	119412
105.975	-0.00389136	-0.00896587	33420.3
105.506	-0.00375945	-0.00845438	4797.89
90.7784	-0.00246574	-0.00569679	4785.79
65.2614	-0.00104442	-0.00604567	678.501
29.7565	-0.00105077	-0.00729628	119553
29.1265	-0.00111972	-0.00717043	323159
105.759	-0.00298016	-0.00885062	69325.9
105.759	-0.00290391	-0.00858164	42672.8
88.8112	-0.00220829	-0.0047183	6764.05
68.3772	-0.00195617	-0.00702596	287.409
28.7027	-0.00169196	-0.00741138	725.877
28.7027	-0.00177398	-0.00731985	595.372
106.772	-0.00264715	-0.00970488	41580.5
106.772	-0.00264715	-0.00970488	41580.6
95.4104	0.000577714	-0.00670199	206.302
58.8194	-0.00132644	-0.00439351	3199.35
26.2577	-0.000861817	-0.00668702	38882.4
26.2577	-0.000861817	-0.00668702	38882.4
107.201	-0.00358816	-0.00991095	21830.1
106.564	-0.00298927	-0.00960762	14314.1
97.1696	-0.00208795	-0.00732469	36226
55.4894	-0.00165702	-0.00385581	50834.4
26.6051	-0.000923196	-0.00649188	313972
26.5485	-0.00092744	-0.00636488	4684.62
106.837	-0.00371951	-0.00972219	4253.06
105.769	-0.00331909	-0.00917593	9109
98.2777	-0.00311719	-0.0078059	107386
53.1561	-0.00192935	-0.00347154	243.877
29.6983	-0.000807098	-0.00652885	19171.6
28.1576	-0.00130312	-0.00632439	65131.4
105.526	-0.00358694	-0.00907643	36967.7
104.502	-0.00286831	-0.00845887	37414.3
98.7605	-0.00206944	-0.00818983	1331.09
53.4675	-0.00289302	-0.00345176	4318.02
32.7276	-0.00138724	-0.00684466	86212.1
30.6969	-0.00153582	-0.00664521	419666
103.413	-0.0034014	-0.00777595	95175.4
102.968	-0.00276764	-0.00754955	14180.8
98.4595	-0.00103992	-0.00869892	5700.2
57.0311	-0.000940473	-0.00392548	12922.9
34.4814	-0.00164881	-0.00727808	33193
33.6275	-0.00177718	-0.00730088	34475.9
101.45	-0.00334384	-0.0063716	16450.6
101.45	-0.00334866	-0.00636896	16452.8
96.5523	-0.00373979	-0.0090886	43787.6
62.2215	-0.000166678	-0.00452924	2308.81
36.3905	-0.00192147	-0.00806802	1529.95
36.3905	-0.0019196	-0.00807231	1528.87
107.748	-0.00100435	-0.0102245	1059.44
107.015	-0.00345294	-0.00981767	8358.5
99.0529	-0.00302472	-0.00792033	17591.4
51.9421	-0.00291207	-0.00336263	1800.65
26.8374	-0.000983882	-0.00593314	101426
23.8333	-0.00123899	-0.00623439	101213
107.782	-0.00312877	-0.0102455	33882.2
106.652	-0.00312312	-0.00958067	3010.03
100.196	-0.00260255	-0.0083815	1553.5
49.242	-0.0018944	-0.00298844	8937.45
28.7084	-0.000532243	-0.00583859	1971.28
24.3534	-0.000870418	-0.00607635	98959.2
106.932	-0.00478189	-0.00987248	3191.79
105.727	-0.00330242	-0.00900224	6314.89
100.633	-0.0040349	-0.0086904	2044.91
48.9754	-0.00182332	-0.0029536	634.325
30.8824	-0.00132204	-0.00609189	11112
26.9574	-0.0017006	-0.00612053	17767.3
105.251	-0.00358916	-0.00905816	41198.7
104.432	-0.00283983	-0.00812178	12425.6
100.237	-0.00529364	-0.0089252	5628.67
52.0226	-0.00236997	-0.00339632	1245.73
32.358	-0.00168019	-0.00652419	12359.2
30.3912	-0.00158758	-0.00652909	7593.28
103.413	-0.00267774	-0.00792758	6946.47
102.968	-0.00337663	-0.00707088	9986.05
98.4595	-0.0016818	-0.00899948	23322.3
57.0311	-0.00130339	-0.00396288	36239.6
34.4814	-0.00167488	-0.00741612	36248.1
33.6275	-0.00191939	-0.00713993	51480
108.276	-0.00283135	-0.0104855	115884
106.861	-0.00407853	-0.00955705	55996.5
101.216	-0.00293866	-0.00882792	1844.1
46.3605	-0.000626795	-0.00256416	2542.82
29.7486	-0.000964734	-0.00564218	116199
22.4217	-0.00118675	-0.00599959	62691.8
107.989	-0.00159911	-0.0103608	15936.9
106.52	-0.00311886	-0.00923335	621.519
101.385	-0.00309077	-0.00903853	31543.5
46.1141	-0.00113521	-0.00255554	5590.89
30.6063	-0.00111462	-0.00573748	121397
23.5573	-0.00107902	-0.00595961	134506
106.932	-0.0036614	-0.00987297	11699.6
105.727	-0.0034675	-0.00867731	25094.3
100.633	-0.00338713	-0.00897142	775.858
48.9754	-0.00137502	-0.00304041	531.652
30.8824	-0.00136262	-0.00604065	34791
26.9574	-0.00117908	-0.00610813	240982
105.526	-0.00357879	-0.00904032	58884.4
104.502	-0.00403511	-0.00795639	1853.95
98.7605	-0.0020398	-0.00865755	3074.36
53.4675	-0.00220765	-0.00356345	7607.42
32.7276	-0.00126566	-0.00691945	23419.5
30.6969	-0.00158473	-0.00649869	171060
108.276	-0.00312298	-0.0104572	61079.6
106.861	-0.00341379	-0.00928434	46877.6
101.216	-0.00203925	-0.00908026	196.433
46.3605	-0.00828261	-0.00267794	70.2385
29.7486	-0.00102409	-0.00555603	85724.8
22.4217	-0.00103529	-0.00599406	201471
107.782	-0.00357162	-0.0101933	24090.8
106.652	-0.00343744	-0.00910416	21151
100.196	-0.000975021	-0.00881781	614.111
49.242	-0.00206672	-0.00316646	2182.6
28.7084	-0.000566909	-0.00571456	1672.12
24.3534	-0.00109568	-0.00606732	16616.6
106.837	-0.00336977	-0.00958584	866.416
105.769	-0.00360864	-0.00865355	39005.4
98.2777	-0.000794098	-0.00834319	3115.84
53.1561	-0.00138352	-0.0036664	13268.5
29.6983	-0.000843864	-0.00653502	45046.1
28.1576	-0.00111193	-0.00618825	119971
107.748	-0.0019222	-0.0101442	1304.45
107.015	-0.00515499	-0.0092337	923.022
99.0529	-0.00346271	-0.00844801	4222.11
51.9421	-0.00314128	-0.00359153	1650.02
26.8374	-0.000901914	-0.00577931	8520.97
23.8333	-0.000772034	-0.00622264	52296.8
107.201	-0.00522122	-0.0097023	194.807
106.564	-0.003079	-0.00907235	11747
97.1696	-0.000696014	-0.00790195	26572.4
55.4894	-0.00163289	-0.00410353	25779.6
26.6051	-0.000994773	-0.00645705	65473.7
26.5485	-0.000918458	-0.0062343	3647.08
106.772	-0.00172932	-0.00944571	10791.1
106.772	-0.00182743	-0.0091654	5468.68
95.4104	-7.35275e-05	-0.00730373	21186.1
58.8194	-0.00323708	-0.00466597	16210.6
26.2577	-0.00102364	-0.00663842	159445
26.2577	-0.00100787	-0.00655743	121893
108.174	-0.00363246	-0.0104779	42041.3
108.174	-0.00363246	-0.0104779	42041.3
101.237	-0.00309444	-0.00849465	98001.6
48.1041	-0.00115887	-0.00293585	18430.4
22.4704	-0.000643317	-0.00557034	39455.3
22.4704	-0.000643317	-0.00557034	39456
108.634	-0.00348819	-0.0107117	30142.9
107.988	-0.00323225	-0.0103949	41126.2
102.627	-0.00273983	-0.00895001	490.482
44.8706	-0.00118819	-0.00260567	17315.2
22.7221	-0.000844673	-0.00512698	310403
22.346	-0.000778323	-0.00535766	802201
108.098	-0.00324751	-0.0104902	104878
107.217	-0.00343265	-0.00998725	5201.4
103.34	-0.00435382	-0.00925375	10158.8
43.6522	-0.00130914	-0.00255449	6546.81
25.0451	-0.00103343	-0.00529586	386281
24.5201	-0.00127502	-0.00508181	209369
106.494	-0.00329921	-0.0096666	31895.4
105.977	-0.00291537	-0.00930246	95066.7
103.38	-0.00419492	-0.00953886	3417.38
45.9257	-0.00223097	-0.00293216	6642.49
27.8304	-0.00131095	-0.00550663	102726
27.3635	-0.00141335	-0.0055018	157611
104.468	-0.00345889	-0.00819733	51652.1
104.468	-0.00340335	-0.00819528	51646.2
102.154	0.00342743	-0.0101219	289.394
51.0157	0.000730461	-0.0034898	3330.49
30.604	-0.00165142	-0.00622748	448946
30.604	-0.00165145	-0.00622987	448349
109.239	-0.00288011	-0.0110263	37918.1
108.449	-0.00260083	-0.0106038	19104.6
104.115	-0.00472388	-0.00942357	7789.71
41.1494	-0.00097073	-0.00224072	45682.3
22.5529	-0.000759953	-0.00463722	130943
19.342	-0.000952718	-0.00508204	3345.28
109.158	-0.00231302	-0.0110121	12061.8
108.1	-0.00355918	-0.0103478	4315.46
104.815	-0.00506319	-0.00974967	2745
39.3774	-0.000872343	-0.0021194	10723
23.9984	-0.000941367	-0.00451985	105025
20.0323	-0.000874285	-0.00490679	29385.9
108.102	-0.00222745	-0.010576	11008.6
107.229	-0.00426828	-0.00971597	14661
104.699	-0.00486328	-0.0099296	4702.97
41.1212	-0.00222261	-0.00245523	590.049
25.6626	-0.000951537	-0.00478079	42769.1
23.2726	-0.0010044	-0.00495455	96469.4
106.494	-0.00315828	-0.00970979	8906.46
105.977	-0.00348974	-0.00880892	55040
103.38	-0.00363179	-0.0099583	81082.2
45.9257	-0.00230896	-0.00298939	1417.08
27.8304	-0.0012972	-0.00559956	49759.6
27.3635	-0.00134735	-0.00536882	28849.1
109.611	-0.00126736	-0.011198	382.469
108.349	-0.00225059	-0.010291	6092.83
105.286	-0.00283191	-0.0100799	27247.3
37.5756	-0.0010636	-0.00191617	427.331
24.0503	-0.00103072	-0.00429687	59454
18.1325	-0.000732642	-0.00491928	166323
109.158	-0.00225401	-0.0109947	2705.13
108.1	-0.00284819	-0.00998852	3946.06
104.815	-0.00524059	-0.010087	1963.09
39.3774	-0.000508642	-0.00221405	4864.27
23.9984	-0.000865137	-0.00444964	85064.6
20.0323	-0.000913811	-0.00490063	116235
108.098	-0.000890072	-0.0103906	2392.04
107.217	-0.00663282	-0.00947416	1990.84
103.34	-0.00244547	-0.00979571	7642.84
43.6522	-0.00172443	-0.00269098	28500.6
25.0451	-0.00115763	-0.00531897	51659.3
24.5201	-0.000879356	-0.00495992	251782
109.239	-0.00279154	-0.0109795	6417.75
108.449	-0.00307712	-0.0100651	27148.9
104.115	-0.00317105	-0.00993027	16875.5
41.1494	-0.00133277	-0.0024056	6759.25
22.5529	-0.0009508	-0.00452101	2906.79
19.342	-0.00108332	-0.00506757	91245.1
108.634	-0.00593546	-0.0105354	1456.12
107.988	-0.00291637	-0.00986875	74904.5
102.627	0.00122147	-0.00954146	427.489
44.8706	-0.00168435	-0.00280307	14143.3
22.7221	-0.00090623	-0.0050109	648737
22.346	-0.00076249	-0.00532975	117975
108.174	-0.00309764	-0.0102435	75327.2
108.174	-0.0036551	-0.00994779	45655.8
101.237	-0.0031177	-0.00911556	33080.6
48.1041	-0.000470271	-0.00316691	18923
22.4704	-0.000897485	-0.00552108	1.13745e+06
22.4704	-0.000866342	-0.00545494	1.10261e+06
109.656	-0.00288083	-0.0112656	105161
109.656	-0.00288083	-0.0112656	105160
105.917	-0.00334717	-0.00987969	4014.33
36.6665	-0.000635829	-0.00189431	6771.53
17.6601	-0.000163824	-0.00425826	12545.4
17.6601	-0.000163831	-0.00425826	12541.1
109.98	-0.00432149	-0.0114399	20516.8
109.465	-0.00437902	-0.0111792	1836.24
106.894	-0.00185422	-0.0102014	5057.04
33.8004	-0.00114578	-0.00173567	14227.8
18.0188	-0.000601966	-0.00376462	354858
17.4065	-0.000669056	-0.00404062	198128
109.16	-0.00424831	-0.0110885	6162.52
108.698	-0.00399449	-0.0107782	23338.4
107.184	-0.00559122	-0.01038	499.258
34.3319	-0.00101754	-0.00200282	57108.4
20.2811	-0.00150575	-0.0038466	340.707
20.2808	-0.00188619	-0.00392665	503.844
107.468	-0.00281068	-0.00986998	83547.4
107.468	-0.00280327	-0.00986867	83540.7
106.506	-0.00398006	-0.0110044	28884.4
39.0064	-0.0018192	-0.00252838	1850.71
23.6709	-0.00120916	-0.00443223	379196
23.6709	-0.00120852	-0.00443328	379573
110.544	-0.00329709	-0.0117082	97702.5
109.853	-0.003171	-0.0113166	59262
107.936	-0.00325408	-0.0105822	30547.3
30.1263	-0.000802711	-0.00145546	61484.8
17.4084	-0.000715462	-0.00325138	32841.7
14.2904	-0.000643478	-0.00383082	3049.7
110.259	-0.00262154	-0.0116077	4401.67
109.527	-0.00278064	-0.0109496	731.188
108.102	-0.00228165	-0.0108423	9047.93
30.0802	-0.000882872	-0.00159465	16417.3
18.4663	-0.000750378	-0.00323481	93538.6
15.7555	-0.000592395	-0.00366655	173831
109.16	-0.00356283	-0.0110452	3881.08
108.698	-0.00405471	-0.0102743	10298.2
107.184	-0.00630362	-0.0108993	107.444
34.3319	-0.00105817	-0.00207299	38412.6
20.2811	-0.000898324	-0.00374486	184555
20.2808	-0.000812403	-0.00397332	19370.3
110.544	-0.000589065	-0.0116894	475.691
109.853	-0.00383719	-0.0108812	14540.9
107.936	-0.00391349	-0.0110055	4147.28
30.1263	-0.000879437	-0.00154429	123207
17.4084	-0.00061286	-0.00318623	127196
14.2904	-0.000561595	-0.00382014	229270
109.98	-0.00328059	-0.0112954	30563.3
109.465	-0.00418755	-0.0106625	2934.51
106.894	-0.00288625	-0.0108037	926.696
33.8004	-0.000896856	-0.00187404	13903.4
18.0188	-0.000729044	-0.0036696	47337.4
17.4065	-0.000803651	-0.00402616	128944
109.656	-0.00237467	-0.0107449	27756.3
109.656	-0.00261778	-0.0110566	38157
105.917	-0.00313881	-0.0105218	14474.4
36.6665	-0.00149434	-0.00207309	4656.84
17.6601	-0.000621164	-0.00421337	3425.02
17.6601	-0.000535268	-0.00416394	3596.59
110.931	-0.00355886	-0.0119232	116225
110.931	-0.00355886	-0.0119232	116219
109.324	-0.0039738	-0.0108994	154133
24.7209	-0.000732708	-0.00111847	353423
12.1375	-0.00054759	-0.00285929	29250.3
12.1375	-0.00054759	-0.00285929	29250.2
110.994	-0.00180286	-0.0119686	4352.03
110.717	-0.00292164	-0.01182	54994.1
109.867	-0.00307989	-0.0110944	377.972
22.7251	-0.000425626	-0.00115321	71283.5
12.8855	-0.000571839	-0.00243047	52186.2
12.3876	-0.000527864	-0.00261057	66445.1
109.932	-0.00316182	-0.0111648	59517.6
109.932	-0.00316407	-0.0111642	59551.6
109.608	-0.00411937	-0.0116799	172.184
26.3671	-0.000653767	-0.00163893	198281
16.0702	-0.000709587	-0.00281093	245773
16.0702	-0.000709312	-0.00281125	245785
111.439	-0.00252131	-0.0121674	2005.52
111.017	-0.00318889	-0.0117185	129500
110.384	-0.00297352	-0.0114993	26059.1
19.6855	-0.000426782	-0.000925713	18546.8
11.6724	-0.000439046	-0.00197406	23384.1
9.29941	-0.000192637	-0.00256213	47568.8
110.994	-0.00128748	-0.0118631	3051.94
110.717	-0.00281299	-0.0113113	36243.8
109.867	-0.00312126	-0.0116881	276342
22.7251	-0.000600259	-0.00122721	237085
12.8855	-0.000567416	-0.00236213	506628
12.3876	-0.000559579	-0.00261641	212368
110.931	-0.00249205	-0.0114102	51604
110.931	-0.00272906	-0.0117355	62076.4
109.324	-0.00417287	-0.0115591	51241.2
24.7209	-0.000839268	-0.00123972	32357.3
12.1375	-0.000457822	-0.00282474	306667
12.1375	-0.000450862	-0.00279226	349518
111.785	-0.00337988	-0.0123532	86311.6
111.785	-0.00337988	-0.0123532	86311.7
111.391	-0.00233445	-0.0115296	42657.8
12.443	-0.000474984	-0.000515603	2312.66
6.17351	-0.000260046	-0.00143216	768715
6.17351	-0.000260046	-0.00143216	768715
111.532	-0.00295914	-0.0119744	94.0057
111.532	-0.00296004	-0.0119742	94.0022
111.466	-0.00321709	-0.0121043	13289.2
13.2941	-0.000310777	-0.000804615	130752
8.11197	-0.000329719	-0.00135711	4992.83
8.11197	-0.000329693	-0.00135715	4992.59
111.785	-0.00326416	-0.0121796	102399
111.785	-0.0032851	-0.0118454	102095
111.391	-0.00170755	-0.0122002	41633
12.443	-0.000368631	-0.000576767	42213.4
6.17351	-0.000282025	-0.00141339	432646
6.17351	-0.000265346	-0.00139737	460107
112.084	-0.00340578	-0.0122492	131733
112.084	-0.00338541	-0.0122492	133278
112.084	-0.00337613	-0.0122492	133898
0	0	0	0
0	0	0	0
0	0	0	0
