720 Out of 16464 QH, Third, Fourth Freq in rad/ps and Lifetimes in ps for a 14x14x14 Si Lattice at 5K. (atoms/UC=2)
105.388	-0.00329082	-0.00891267	60692.5
105.388	-0.00329082	-0.00891267	60686.9
84.2179	-0.00230846	-0.000415587	120445
73.9609	0.00316898	-0.0103547	444.064
29.5508	-0.00112013	-0.0077349	139476
29.5508	-0.00112013	-0.0077349	139476
105.243	-0.00509802	-0.00877537	420.148
105.075	-0.0030323	-0.00873383	1147.33
84.7822	-0.00436086	-0.00142567	2133.57
72.789	-0.00333664	-0.00932136	158.216
31.4655	-0.000961287	-0.0077432	11087.1
30.1693	-0.00105637	-0.00779515	211860
104.743	-0.00279957	-0.00836836	4174.88
104.181	-0.0040605	-0.00821504	999.554
85.8881	-3.6722e-05	-0.00303495	7678.81
70.1687	-0.00380659	-0.00758935	1151.63
36.1644	-0.00119871	-0.00803226	15986.1
31.883	-0.00121122	-0.00800009	207703
103.759	-0.00402731	-0.00769576	9215.63
102.835	-0.00283357	-0.00741334	18351.2
86.8442	-0.000929273	-0.00434877	9716.42
67.8423	-0.0029721	-0.00599367	289.694
41.3271	-0.00159754	-0.00891296	22532.2
34.3262	-0.00169523	-0.00838751	4285.37
102.242	-0.00300096	-0.00674357	26836.5
101.257	-0.00218933	-0.00643639	16439
87.3065	0.000268259	-0.00542964	29586.5
68.0148	-0.00303125	-0.00496139	742.036
44.2685	-0.00293784	-0.00994212	713.504
37.0215	-0.00200904	-0.00894675	8164.7
100.405	-0.00310408	-0.00554692	2391.69
99.7462	-0.00172031	-0.00545664	13922.4
86.9257	-0.00247376	-0.00636736	670.735
71.6148	-0.00313369	-0.00520413	1373.11
43.9838	-0.00198565	-0.0102063	36638.2
39.463	-0.00231804	-0.0095794	26766.4
98.8418	-0.00333549	-0.00443249	7154.44
98.643	-0.00268236	-0.00470873	72599.1
85.1703	0.000745517	-0.00694976	650.179
76.7944	-0.00449684	-0.0060557	269.439
42.5014	-0.00292024	-0.0101335	3452.02
41.1741	-0.00252426	-0.0101004	62885.2
98.2363	-0.0064095	-0.00420727	2920.33
98.2363	-0.0064056	-0.00420426	2919.3
81.6706	-0.00346384	-0.00673043	903.142
81.6706	-0.00304621	-0.00685847	1287.4
41.7912	-0.00258393	-0.0101998	22720.1
41.7912	-0.00257937	-0.0102069	22719
105.388	-0.00317752	-0.00890514	46567.4
105.192	-0.0030032	-0.00875164	15992.7
86.4591	-0.0021806	-0.00287681	23724
70.7682	-0.00284298	-0.00789628	444.406
31.5279	-0.00107829	-0.00762452	269825
29.5508	-0.0010829	-0.00773505	207401
105.228	-0.00266863	-0.00874289	745.419
104.675	-0.00249044	-0.00843525	10720.4
88.0522	-0.000917351	-0.00415224	478.12
67.8083	-0.00452829	-0.00656844	853.662
34.5441	-0.00119552	-0.00770586	24529.7
30.4803	-0.00119822	-0.00778499	30028.6
104.578	-0.00350966	-0.00829822	3248.72
103.627	-0.00346384	-0.007801	12648.3
89.2163	-0.00242018	-0.00513513	298.021
65.1284	-0.00132285	-0.00540881	814.148
38.7325	-0.00144527	-0.00825033	20672.3
32.7554	-0.00143644	-0.00801095	11693.3
103.311	-0.00305855	-0.00755675	18207.9
102.238	-0.00346257	-0.00692296	490.429
89.8052	-0.00196897	-0.00592855	6617.59
64.5302	-0.00251794	-0.00458094	628.072
41.7776	-0.00149867	-0.00909478	4960.67
35.6567	-0.00166334	-0.00847432	12458.4
101.541	-0.00278086	-0.00651592	23035.3
100.76	-0.00324879	-0.00592916	11004.2
89.6128	-0.000167528	-0.00662097	739.993
67.2578	-0.00266709	-0.00469109	482.874
42.1924	-0.00224381	-0.00951682	2965.11
38.5694	-0.00246713	-0.00912798	3309.73
99.7836	-0.0028559	-0.00542679	31414.4
99.4837	-0.00259908	-0.00494713	42418.3
88.2189	-0.00284793	-0.0071278	7964.71
71.9763	-0.00163779	-0.00538159	614.528
41.5564	-0.00285447	-0.00976078	26367.5
40.7829	-0.00216516	-0.00973421	5183.68
98.8418	-0.00314391	-0.00479239	7300.88
98.643	-0.0028844	-0.00426292	113382
85.1703	-0.00141891	-0.00706499	583.274
76.7944	-0.00332969	-0.00601903	374.63
42.5014	-0.00352683	-0.0103362	2395.34
41.1741	-0.00271252	-0.00990135	614.255
105.388	-0.00307613	-0.00888406	32906.4
104.695	-0.00226434	-0.0083026	4699.92
89.7911	-0.00176395	-0.0051062	12623.1
64.7522	-0.00224116	-0.00556491	3119.1
36.4197	-0.000990193	-0.00768238	17640.9
29.5508	-0.00110098	-0.00773549	12236.8
105.154	-0.00303035	-0.0087191	47587.2
104.147	-0.0034962	-0.00788947	1217.45
90.9241	-0.00270827	-0.00584053	605.171
61.9686	-0.00307008	-0.00461786	3340.24
39.4486	-0.00108848	-0.00810153	10208.3
30.5941	-0.00139007	-0.00780143	110954
104.35	-0.00213242	-0.00827442	1480.27
103.185	-0.00305268	-0.00722438	869.806
91.3717	-0.00407213	-0.00636193	1850.72
61.072	-0.00241768	-0.00396528	1225.89
41.5687	-0.00115456	-0.00875492	1830.25
33.2682	-0.00170324	-0.00807406	45426.4
103.024	-0.00378114	-0.00756379	26218.1
101.995	-0.00452408	-0.00640539	1401.29
91.0109	-0.0040858	-0.00668454	242.588
63.2129	-0.00240485	-0.00413633	2307.55
41.7656	-0.00140189	-0.00909295	4868.03
36.4877	-0.0027109	-0.00857988	6405.13
101.541	-0.00322242	-0.00663445	26073.1
100.76	-0.00376822	-0.00560518	5022.26
89.6128	-0.000637543	-0.0068038	422.047
67.2578	-1.10751e-05	-0.0047142	156.675
42.1924	-0.00193454	-0.00961369	9487.74
38.5694	-0.0023824	-0.00901775	1568.36
100.405	-0.00291674	-0.00573242	11685.9
99.7462	-0.00145462	-0.00499332	10941.5
86.9257	-0.00339903	-0.00664317	122.649
71.6148	-0.00399558	-0.00518926	1758.73
43.9838	-0.00275	-0.0103944	19678
39.463	-0.002488	-0.00939207	1633.33
105.388	-0.00283533	-0.0088536	9540
104.217	-0.00376342	-0.00775525	33091.5
91.8756	-0.00167854	-0.00634899	8933.9
59.3207	-0.00118311	-0.0037921	2719.05
41.4911	-0.00109283	-0.00844727	883.528
29.5508	-0.0012289	-0.00773616	8665.98
105.117	-0.00293115	-0.00869804	11441.9
103.872	-0.00416536	-0.00744155	3716.68
92.0396	-0.00216428	-0.00659064	8320.84
58.8372	-0.00396282	-0.00350541	835.119
42.3421	-0.00156388	-0.00874623	28762.1
30.6335	-0.00115502	-0.00780989	1760.33
104.35	-0.00205165	-0.00827072	963.492
103.185	-0.00287944	-0.00699433	4714.79
91.3717	-0.00233707	-0.00654689	703.331
61.072	-0.00148047	-0.00406551	996.301
41.5687	-0.00101922	-0.00868955	1610.59
33.2682	-0.00154712	-0.00806591	5940.85
103.311	-0.0034111	-0.00758049	5405.34
102.238	-0.00318481	-0.00649008	579.699
89.8052	-0.00285496	-0.00626468	919.55
64.5302	-0.00322792	-0.00469475	397.816
41.7776	-0.00158498	-0.0091028	5481.1
35.6567	-0.00188262	-0.00839194	25166
102.242	-0.00515609	-0.00676456	517.693
101.257	-0.000366821	-0.00594947	3036.83
87.3065	0.00162932	-0.00583633	65.504
68.0148	-0.00308149	-0.00502577	728.546
44.2685	-0.00160007	-0.0100725	814.885
37.0215	-0.00211903	-0.00877429	4935.45
105.388	-0.00271233	-0.00881981	68433.3
104.217	-0.00397469	-0.00755282	73419
91.8756	-0.00133676	-0.00652842	8050.51
59.3207	-0.00266138	-0.00392967	6881.99
41.4911	-0.00128318	-0.00833828	52853.4
29.5508	-0.0011733	-0.00773686	6876.18
105.154	-0.00316052	-0.00866279	22431.6
104.147	-0.00430833	-0.0075085	2916.23
90.9241	-0.00243787	-0.00617237	271.512
61.9686	-0.00323505	-0.004825	9743.79
39.4486	-0.00119946	-0.00795032	9497.63
30.5941	-0.00124922	-0.00780026	28455.9
104.578	-0.00208972	-0.00822204	751.117
103.627	-0.00400151	-0.00730413	7135.48
89.2163	-0.0013498	-0.00557745	272.446
65.1284	-0.00109927	-0.00562138	583.27
38.7325	-0.00166077	-0.00815617	3787.41
32.7554	-0.00151254	-0.00796089	9330.9
103.759	-0.0033217	-0.00758977	3459.82
102.835	-0.00361971	-0.00690253	21056.7
86.8442	0.00068187	-0.00484629	3036.45
67.8423	-0.00486097	-0.00616235	502.724
41.3271	-0.00232112	-0.00895909	6388.38
34.3262	-0.00149219	-0.00822896	5542.06
105.388	-0.00314419	-0.0087894	82317.4
104.695	-0.00340989	-0.00780204	23191.9
89.7911	-0.000571074	-0.00554795	283.451
64.7522	-0.00283992	-0.00582282	215.35
36.4197	-0.00106867	-0.00749847	20265.1
29.5508	-0.00128017	-0.00773755	10760.1
105.228	-0.00314508	-0.00860058	11967.9
104.675	-0.00235475	-0.00788004	3906.76
88.0522	-0.00464626	-0.00467388	130.137
67.8083	-0.00375853	-0.00683009	240.389
34.5441	-0.00110049	-0.00754684	11449.2
30.4803	-0.00129052	-0.00776624	79276.7
104.743	-0.00306807	-0.00816819	13826.2
104.181	-0.00450153	-0.00768401	1059.88
85.8881	-0.00430719	-0.00360607	267.32
70.1687	-0.00344636	-0.00781433	1461.09
36.1644	-0.00108272	-0.00802389	9720.62
31.883	-0.00136591	-0.00785211	18013.1
105.388	-0.00254143	-0.00876828	23724.1
105.192	-0.00279583	-0.00810969	26611.2
86.4591	-0.00103147	-0.00346426	6706.23
70.7682	-0.00322002	-0.00816056	2354.31
31.5279	-0.00162197	-0.00743577	559.371
29.5508	-0.0011211	-0.00773797	242317
105.243	-0.00338845	-0.00851302	618.953
105.075	-0.00357344	-0.00818946	2035.91
84.7822	-0.00136035	-0.00206627	348.065
72.789	-0.00237834	-0.0095485	637.611
31.4655	-0.0011785	-0.00770786	12129.2
30.1693	-0.00112529	-0.00765332	313482
105.388	-0.00360212	-0.00862846	13598.9
105.388	-0.00358909	-0.00836368	11382.5
84.2179	-0.00166502	-0.00109586	328.626
73.9609	-0.00142781	-0.0105671	309.576
29.5508	-0.00119003	-0.00769045	109117
29.5508	-0.00115255	-0.00759505	81009.1
105.759	-0.00374052	-0.0091281	3461.05
105.759	-0.00374052	-0.0091281	3461.05
88.8112	-0.00482344	-0.00411203	12662.1
68.3772	-0.00288122	-0.00674426	78.8403
28.7027	-0.00132222	-0.00745734	12410.9
28.7027	-0.00132222	-0.00745734	12410.9
105.975	-0.0038338	-0.00920473	21251.6
105.506	-0.00316644	-0.00899637	1092.78
90.7784	-0.00269412	-0.0051215	2586.12
65.2614	-0.00298228	-0.00577003	401.611
29.7565	-0.00106932	-0.00733267	72112.2
29.1265	-0.00112013	-0.0073093	190332
105.629	-0.00457282	-0.00895397	3632.27
104.666	-0.00296381	-0.00852445	6098.56
92.2081	-0.00438111	-0.00591552	344.021
62.2916	-0.00325769	-0.00495199	795.174
33.5677	-0.00115576	-0.00747792	14867.2
30.7259	-0.00160142	-0.00736291	19939
104.541	-0.00143039	-0.00834221	2985.02
103.36	-0.00339936	-0.00776466	4080.43
93.0679	-0.000582512	-0.0065624	242.706
60.9619	-0.000537991	-0.00433235	644.933
37.5178	-0.0013934	-0.0080603	42679.4
33.147	-0.0016723	-0.00768296	33238.1
102.715	-0.00132516	-0.00729113	1074.27
101.801	-0.00401216	-0.00681569	18933.3
93.2594	-0.00254021	-0.00718651	294.63
62.8687	-0.00173808	-0.00435013	2122.01
39.3558	-0.00205728	-0.00861293	24751.2
35.9026	-0.00184069	-0.00826276	2982.75
100.584	-0.00384085	-0.00579799	3843.28
100.277	-0.00270435	-0.00583772	20105.2
92.3939	-0.00290569	-0.00785805	4517.78
67.3812	-0.00257662	-0.00497264	2241.64
39.624	-0.00236636	-0.00899468	20673.6
38.4709	-0.00231477	-0.00899659	27394.3
99.1255	-0.00183603	-0.00483359	1810.18
99.1255	-0.00182774	-0.00483065	1811.49
89.714	-0.00413006	-0.00796068	4022.31
72.4783	-0.00390167	-0.00563854	719.188
40.3577	-0.00249728	-0.00958519	5143.53
40.3577	-0.00249506	-0.00959141	5170.6
106.36	-0.00245962	-0.00945574	9229.79
105.838	-0.00305439	-0.00913963	28302
92.9402	-0.00103866	-0.00595679	1293.7
62.0784	-0.00240945	-0.00500748	7633.6
29.9276	-0.00107541	-0.00698281	49550
27.3534	-0.000951179	-0.00716947	168453
106.374	-0.00255212	-0.009432	1935.78
105.422	-0.00341911	-0.00887696	3201.78
94.4579	-0.00217336	-0.00663453	5476.71
58.9486	-0.00251176	-0.00434	6348.27
32.3025	-0.00113233	-0.00695691	11849.7
28.0119	-0.00104678	-0.00707947	21849.6
105.683	-0.00320814	-0.00906466	2835.39
104.445	-0.00349173	-0.0082843	3246.01
95.3369	-0.0028367	-0.00715794	387.899
57.1708	-0.00274968	-0.00383453	484.152
35.3723	-0.00122935	-0.0073486	4147.68
30.3774	-0.00138689	-0.00718477	53522.1
104.199	-0.00332638	-0.00831112	2873.48
103.1	-0.00250905	-0.00742817	12210.3
95.5245	-0.00378884	-0.0075813	892.505
58.3721	-0.00251541	-0.00383848	1974.37
37.2027	-0.00149999	-0.00783236	6415.12
33.4564	-0.00181861	-0.00760434	7365.15
102.221	-0.00297934	-0.00717985	30724.5
101.622	-0.00316204	-0.00638743	9022.79
94.7505	-0.00170354	-0.00798354	367.635
62.39	-0.0018384	-0.00438142	4141.32
37.9004	-0.00225504	-0.00831087	8619.17
36.4618	-0.00199903	-0.00824713	14111.8
100.584	-0.00267069	-0.0060594	6193.12
100.277	-0.00401927	-0.0053763	20375.8
92.3939	-0.00314531	-0.00804775	15657
67.3812	-0.00267349	-0.00498198	2779.24
39.624	-0.00218066	-0.00917014	1116.69
38.4709	-0.00252457	-0.00881258	29670.7
106.77	-0.000578379	-0.00966014	1549.72
105.574	-0.00345494	-0.00883163	23159.3
95.9297	-0.00323204	-0.00723368	646.271
55.6953	-0.0011955	-0.00371273	3150.17
33.9192	-0.00110408	-0.00682373	19298.1
26.4007	-0.00112273	-0.0069783	3164.2
106.571	-0.00225533	-0.00955774	783.59
105.142	-0.00362564	-0.00847631	7800.71
96.6429	-0.00220387	-0.00764724	15665.5
53.8023	-0.00208082	-0.00323728	5229.24
35.9725	-0.00116891	-0.00710261	64310.1
27.3178	-0.00139664	-0.00696133	4498.86
105.648	-0.00475473	-0.00912143	851.223
104.272	-0.0040875	-0.00787244	874.151
96.5591	-0.00215272	-0.00783747	10009.3
54.8051	-0.002991	-0.00334349	1406.47
36.8205	-0.00161691	-0.007404	2960.15
30.1224	-0.00143483	-0.00714529	132938
104.199	-0.00321044	-0.00835299	6325.29
103.1	-0.0025013	-0.00711412	2758.7
95.5245	-0.0024391	-0.00781365	704.16
58.3721	-0.00282014	-0.00390171	17162.7
37.2027	-0.0015685	-0.00783812	2962.3
33.4564	-0.00154871	-0.00755805	6925.65
102.715	-0.00119509	-0.00734884	765.617
101.801	-0.00327525	-0.00633062	40089.4
93.2594	-0.00166735	-0.00756105	222.96
62.8687	-0.00166155	-0.00441276	1282.67
39.3558	-0.00179954	-0.00874664	23267.6
35.9026	-0.00191121	-0.00809395	2218.74
106.914	-0.00290613	-0.00971031	12691.5
105.37	-0.00294741	-0.00845274	8258.6
97.0682	-0.00315278	-0.00790389	482.43
52.3076	-0.00172913	-0.0029356	634.882
36.6621	-0.0010985	-0.00711725	55613.8
26.0564	-0.00123588	-0.00690997	56182.6
106.571	-0.00320211	-0.00953243	15346.3
105.142	-0.00323979	-0.00823867	8345.96
96.6429	-0.0019462	-0.00785698	3738.15
53.8023	-0.0025756	-0.0033563	2687.91
35.9725	-0.000946902	-0.00701302	38661.8
27.3178	-0.00128863	-0.00695898	3745.69
105.683	-0.00325958	-0.0090324	4485.36
104.445	-0.0034984	-0.00783969	2719.39
95.3369	-0.00223601	-0.00754098	146.168
57.1708	-0.00262229	-0.00400058	1050.37
35.3723	-0.00143225	-0.00726155	4563.31
30.3774	-0.00129907	-0.00715696	13381.4
104.541	-0.00266949	-0.00826609	16720.5
103.36	-0.00315351	-0.00725567	21174.1
93.0679	0.00137926	-0.00703799	252.121
60.9619	-0.00185708	-0.00448943	719.178
37.5178	-0.00141286	-0.00811872	64976.1
33.147	-0.00163823	-0.00752807	11684.1
106.77	-0.000667521	-0.00959816	1926.22
105.574	-0.00364284	-0.00841946	14841.1
95.9297	-0.00352902	-0.00760103	1938.92
55.6953	-0.00163123	-0.00391933	19183.8
33.9192	-0.00118497	-0.00667364	23846.9
26.4007	-0.00113848	-0.00697413	5777.41
106.374	-0.00234511	-0.00933816	1118.1
105.422	-0.00380324	-0.00834625	1272.6
94.4579	-0.0013365	-0.00711095	17029.7
58.9486	-0.00250732	-0.00458062	2385.44
32.3025	-0.00130421	-0.00680214	10169.4
28.0119	-0.00104595	-0.0070687	14047.7
105.629	-0.0041045	-0.00878383	7088.1
104.666	-0.00254299	-0.00799545	10095.7
92.2081	-0.00452256	-0.00644965	905.448
62.2916	-0.00397735	-0.00518841	244.124
33.5677	-0.000603098	-0.00747353	5180.02
30.7259	-0.00147097	-0.00721828	15451.8
106.36	-0.00314802	-0.00934293	9571.34
105.838	-0.00284647	-0.00852425	4224.95
92.9402	-0.00354072	-0.00649575	339.603
62.0784	-0.00378903	-0.0052817	3696.59
29.9276	-0.00111304	-0.00680501	25058
27.3534	-0.00104194	-0.00716513	38395
105.975	-0.00388708	-0.00896587	21670.7
105.506	-0.00373662	-0.00845438	2924.9
90.7784	-0.00252923	-0.0056968	2194.94
65.2614	-0.0013109	-0.00604559	442.249
29.7565	-0.00104833	-0.00729629	64969.6
29.1265	-0.00112009	-0.00717043	160363
105.759	-0.00298131	-0.00885062	42675.6
105.759	-0.00290765	-0.00858163	23637
88.8112	-0.0021431	-0.00471831	3037.17
68.3772	-0.00297353	-0.00702583	280.058
28.7027	-0.00113323	-0.00741144	3241.7
28.7027	-0.00117635	-0.0073199	2643.34
106.772	-0.00265052	-0.00970488	23873.4
106.772	-0.00265052	-0.00970488	23873.4
95.4104	-0.00157091	-0.00670172	316.508
58.8194	-0.00131963	-0.0043935	1525.37
26.2577	-0.000862599	-0.00668702	25575.1
26.2577	-0.000862599	-0.00668702	25575
107.201	-0.00358505	-0.00991096	12267.8
106.564	-0.00298939	-0.00960762	12055.6
97.1696	-0.00209761	-0.00732468	18756
55.4894	-0.00165781	-0.00385581	27821.3
26.6051	-0.000922921	-0.00649188	154995
26.5485	-0.00100147	-0.00636488	9078.62
106.837	-0.00378994	-0.00972217	2148.38
105.769	-0.00329141	-0.00917594	9270.65
98.2777	-0.00311833	-0.00780589	63284.4
53.1561	-0.00152164	-0.00347158	523.347
29.6983	-0.000803776	-0.00652885	12838.7
28.1576	-0.00130316	-0.0063244	42739.6
105.526	-0.00360118	-0.00907642	16704.8
104.502	-0.00286273	-0.00845888	15583
98.7605	-0.00236337	-0.00818978	809.991
53.4675	-0.00272345	-0.00345178	2372.16
32.7276	-0.00138792	-0.00684466	50704.7
30.6969	-0.00153583	-0.00664521	279411
103.413	-0.0034031	-0.00777595	57222.2
102.968	-0.0027845	-0.00754955	8056.02
98.4595	-0.00115769	-0.00869888	3370.13
57.0311	-0.000956348	-0.00392547	5030.1
34.4814	-0.00164781	-0.00727809	15651.8
33.6275	-0.00177545	-0.00730088	21503.9
101.45	-0.00334318	-0.0063716	7651.78
101.45	-0.00334798	-0.00636896	7653.14
96.5523	-0.00374	-0.0090886	20150.2
62.2215	-0.000358296	-0.00452921	1514.62
36.3905	-0.0020024	-0.00806798	957.597
36.3905	-0.00200083	-0.00807227	957.3
107.748	-0.00112178	-0.0102245	755.689
107.015	-0.00342705	-0.00981768	4272.89
99.0529	-0.00300219	-0.00792032	8878.9
51.9421	-0.00248583	-0.00336268	1540.56
26.8374	-0.000982689	-0.00593314	99257.9
23.8333	-0.00123287	-0.00623441	45206.4
107.782	-0.00313442	-0.0102455	12038.1
106.652	-0.00301589	-0.00958068	2302.38
100.196	-0.00279067	-0.00838146	1362.74
49.242	-0.00191829	-0.00298844	7231.22
28.7084	-0.000819899	-0.00583854	3660.25
24.3534	-0.000876925	-0.00607635	47593.8
106.932	-0.00477479	-0.00987248	1670.7
105.727	-0.00332533	-0.00900224	4277.63
100.633	-0.00398757	-0.00869041	1544.97
48.9754	-0.00181399	-0.00295361	1316.66
30.8824	-0.00130219	-0.0060919	7955.69
26.9574	-0.00156839	-0.00612061	12668
105.251	-0.0035954	-0.00905816	17200.7
104.432	-0.00283129	-0.00812178	7291.68
100.237	-0.0052224	-0.00892523	3288.49
52.0226	-0.00217802	-0.00339635	958.161
32.358	-0.00166429	-0.00652419	8901.25
30.3912	-0.00158371	-0.00652909	6624.08
103.413	-0.00270248	-0.00792758	5004.97
102.968	-0.00332498	-0.00707088	4324.91
98.4595	-0.00169741	-0.00899947	15414.4
57.0311	-0.00131119	-0.00396288	15409.1
34.4814	-0.00167544	-0.00741613	18663.7
33.6275	-0.00191516	-0.00713993	21094
108.276	-0.00283386	-0.0104855	47464.5
106.861	-0.00407374	-0.00955706	26649.5
101.216	-0.00301316	-0.00882791	2874.32
46.3605	-0.000668702	-0.00256415	6165.63
29.7486	-0.000963841	-0.00564218	59652.3
22.4217	-0.00118862	-0.00599959	21350.2
107.989	-0.0016065	-0.0103608	7349.86
106.52	-0.00335327	-0.00923341	825.814
101.385	-0.00309629	-0.00903853	18856
46.1141	-0.00127693	-0.00255553	2837.54
30.6063	-0.00111505	-0.00573748	73223.5
23.5573	-0.0010803	-0.00595961	68103.2
106.932	-0.00365461	-0.00987297	7809.06
105.727	-0.00346929	-0.0086773	15662.8
100.633	-0.00337246	-0.00897146	555.087
48.9754	-0.00158108	-0.00304041	2166.72
30.8824	-0.00135011	-0.00604065	24852.3
26.9574	-0.00117985	-0.00610813	97994.6
105.526	-0.00358105	-0.00904032	34012.4
104.502	-0.0037695	-0.00795641	1421
98.7605	-0.00215355	-0.00865753	2022.89
53.4675	-0.00222782	-0.00356345	3584.59
32.7276	-0.00127669	-0.00691946	12807.9
30.6969	-0.00158435	-0.00649869	101117
108.276	-0.00312388	-0.0104572	33585.7
106.861	-0.00341522	-0.00928434	31784.2
101.216	-0.0027116	-0.00908019	348.475
46.3605	-0.00235788	-0.00267859	441.603
29.7486	-0.0010212	-0.00555603	46222.5
22.4217	-0.00103622	-0.00599407	55508.1
107.782	-0.00357548	-0.0101933	9007.01
106.652	-0.00343086	-0.00910416	15315.2
100.196	-0.00119815	-0.00881771	655.989
49.242	-0.0021803	-0.00316645	1845.49
28.7084	-0.000924315	-0.00571444	4206.43
24.3534	-0.00109656	-0.00606732	12950.8
106.837	-0.0032567	-0.00958588	2156.25
105.769	-0.00360039	-0.00865355	21947.9
98.2777	-0.000874599	-0.00834318	1741.79
53.1561	-0.00137306	-0.0036664	9149.56
29.6983	-0.000848086	-0.00653502	27010.2
28.1576	-0.00111285	-0.00618824	51045.1
107.748	-0.00205163	-0.0101442	1016.8
107.015	-0.00487012	-0.00923375	676.475
99.0529	-0.00336597	-0.00844803	3257.65
51.9421	-0.00261349	-0.00359161	1427.51
26.8374	-0.000899182	-0.00577932	9185.6
23.8333	-0.000816156	-0.00622263	17140
107.201	-0.00400602	-0.00970234	360.215
106.564	-0.00306387	-0.00907235	7986.55
97.1696	-0.000712852	-0.00790194	13543.6
55.4894	-0.00163271	-0.00410353	12040.4
26.6051	-0.000996811	-0.00645706	39149.3
26.5485	-0.00102312	-0.00623429	5581.11
106.772	-0.00169859	-0.00944571	7025.84
106.772	-0.00175339	-0.0091654	3527.49
95.4104	-8.93288e-05	-0.00730372	8585.72
58.8194	-0.00322386	-0.00466597	5126.53
26.2577	-0.00102489	-0.00663842	99850.5
26.2577	-0.00100981	-0.00655743	68905.6
108.174	-0.00363095	-0.0104779	22259.4
108.174	-0.00363094	-0.0104779	22259.6
101.237	-0.00309306	-0.00849464	72751
48.1041	-0.00117998	-0.00293584	9234.57
22.4704	-0.000679418	-0.00557032	27211.6
22.4704	-0.000679417	-0.00557032	27212.1
108.634	-0.00349923	-0.0107117	10107.5
107.988	-0.00323818	-0.0103949	23459.3
102.627	-0.00299987	-0.00895002	634.467
44.8706	-0.00120104	-0.00260567	8042.78
22.7221	-0.000846199	-0.00512698	131616
22.346	-0.000778506	-0.00535766	347228
108.098	-0.00324679	-0.0104902	61924.6
107.217	-0.00349952	-0.00998725	2930.65
103.34	-0.00435285	-0.00925375	6777.41
43.6522	-0.00130625	-0.00255448	4103.01
25.0451	-0.00103368	-0.00529586	238201
24.5201	-0.0012817	-0.00508181	96038.6
106.494	-0.00330039	-0.0096666	15986.5
105.977	-0.00291484	-0.00930246	62373.7
103.38	-0.00429755	-0.00953882	1782.99
45.9257	-0.00219324	-0.00293217	2484.94
27.8304	-0.00131272	-0.00550663	56188.2
27.3635	-0.00142038	-0.00550181	46656.8
104.468	-0.00345638	-0.00819733	22977.5
104.468	-0.00340084	-0.00819528	22983.9
102.154	0.00286241	-0.0101216	244.267
51.0157	0.000462176	-0.00348975	1837.52
30.604	-0.00165133	-0.00622748	233549
30.604	-0.00165136	-0.00622987	233159
109.239	-0.00288056	-0.0110263	31839.2
108.449	-0.00258528	-0.0106038	8670.16
104.115	-0.0047188	-0.00942356	3668.37
41.1494	-0.000974932	-0.00224072	24598.1
22.5529	-0.000778625	-0.00463722	42937.3
19.342	-0.000873026	-0.00508207	23398.3
109.158	-0.00233376	-0.011012	5917.23
108.1	-0.00360463	-0.0103478	3073.76
104.815	-0.00481134	-0.00974972	1666.01
39.3774	-0.000894644	-0.0021194	7346.71
23.9984	-0.000937826	-0.00451985	95717.9
20.0323	-0.000895878	-0.00490678	20268.3
108.102	-0.00223284	-0.010576	5641.91
107.229	-0.00425483	-0.00971597	7293.53
104.699	-0.00482098	-0.0099296	2235.46
41.1212	-0.00195401	-0.00245525	767.9
25.6626	-0.000948041	-0.00478079	16224.5
23.2726	-0.00100569	-0.00495455	49789.5
106.494	-0.00313841	-0.00970979	4825.74
105.977	-0.00349052	-0.00880892	32182.3
103.38	-0.00363491	-0.0099583	39612.2
45.9257	-0.00212145	-0.0029894	727.774
27.8304	-0.00129729	-0.00559956	34450.3
27.3635	-0.00134544	-0.00536882	17906.2
109.611	-0.00117163	-0.0111981	399.7
108.349	-0.00221976	-0.010291	3513.29
105.286	-0.00282501	-0.0100799	12036.3
37.5756	-0.000538753	-0.00191619	553.028
24.0503	-0.00102931	-0.00429687	27579.2
18.1325	-0.000732246	-0.00491928	96381.2
109.158	-0.00224128	-0.0109947	1312.83
108.1	-0.00289832	-0.00998849	2701.41
104.815	-0.00473859	-0.0100871	1132
39.3774	-0.000605724	-0.00221404	4137.94
23.9984	-0.000860056	-0.00444964	45188
20.0323	-0.000910929	-0.00490063	56113.3
108.098	-0.000989923	-0.0103906	1133.4
107.217	-0.00654422	-0.00947418	1084.56
103.34	-0.00248723	-0.00979569	4965.29
43.6522	-0.00172834	-0.00269098	13512
25.0451	-0.00116069	-0.00531898	37820.9
24.5201	-0.000881408	-0.00495992	142153
109.239	-0.00282098	-0.0109795	5925.18
108.449	-0.00308155	-0.010065	20167.5
104.115	-0.00318887	-0.00993026	11617.1
41.1494	-0.00123956	-0.0024056	2434.64
22.5529	-0.000914306	-0.00452102	4046.08
19.342	-0.00108236	-0.00506758	39950.9
108.634	-0.00575196	-0.0105355	1013.47
107.988	-0.0029175	-0.00986875	42101.5
102.627	0.000617371	-0.00954148	368.71
44.8706	-0.00167715	-0.00280308	7920.59
22.7221	-0.000907964	-0.0050109	124272
22.346	-0.000774869	-0.00532975	38984.2
108.174	-0.00309851	-0.0102435	49670.8
108.174	-0.00365783	-0.00994779	30579.5
101.237	-0.00312936	-0.00911556	23430.7
48.1041	-0.000523757	-0.00316689	8042.1
22.4704	-0.000897288	-0.00552108	625489
22.4704	-0.000866141	-0.00545494	592868
109.656	-0.00288163	-0.0112656	79652.8
109.656	-0.00288164	-0.0112656	79651.9
105.917	-0.00345699	-0.00987967	2823.65
36.6665	-0.000653479	-0.00189431	6031.8
17.6601	-0.000351557	-0.00425814	10713.2
17.6601	-0.000351558	-0.00425814	10705.7
109.98	-0.00429481	-0.0114399	11148.1
109.465	-0.0042782	-0.0111792	1047.24
106.894	-0.0018997	-0.0102014	3272.66
33.8004	-0.0011339	-0.00173567	17541.7
18.0188	-0.00060251	-0.00376462	211323
17.4065	-0.000669706	-0.00404063	91473.9
109.16	-0.0042845	-0.0110885	3678.36
108.698	-0.00402117	-0.0107782	5533.94
107.184	-0.0050907	-0.01038	579.534
34.3319	-0.0010116	-0.00200282	29157.1
20.2811	-0.000909485	-0.00384671	4066.03
20.2808	-0.000883863	-0.00392693	4479.16
107.468	-0.00280924	-0.00986998	45230.7
107.468	-0.00280183	-0.00986867	45227.7
106.506	-0.00398423	-0.0110044	15542.6
39.0064	-0.00180522	-0.00252837	1671.75
23.6709	-0.00120897	-0.00443223	227497
23.6709	-0.00120833	-0.00443329	227613
110.544	-0.00329916	-0.0117082	35006.6
109.853	-0.00317505	-0.0113166	29366.2
107.936	-0.00326351	-0.0105822	16220.1
30.1263	-0.000798392	-0.00145546	50686.3
17.4084	-0.000721798	-0.00325138	27929.6
14.2904	-0.000611367	-0.00383086	3975.9
110.259	-0.00269298	-0.0116077	3738.63
109.527	-0.00299847	-0.0109496	756.142
108.102	-0.002335	-0.0108423	5449.78
30.0802	-0.0008807	-0.00159465	10468.3
18.4663	-0.000753496	-0.00323481	77538.6
15.7555	-0.000592227	-0.00366655	119377
109.16	-0.00360817	-0.0110452	3056.85
108.698	-0.00406473	-0.0102743	4865.23
107.184	-0.00458968	-0.0108997	135.352
34.3319	-0.00105269	-0.00207299	21844.9
20.2811	-0.000900383	-0.00374486	94237.5
20.2808	-0.000824493	-0.00397332	16853.4
110.544	-0.00122893	-0.0116893	444.097
109.853	-0.00380468	-0.0108812	8110.17
107.936	-0.00396304	-0.0110055	1992.54
30.1263	-0.000877319	-0.00154429	67635.8
17.4084	-0.000618049	-0.00318623	79260.5
14.2904	-0.000561015	-0.00382014	154901
109.98	-0.00327678	-0.0112954	16015.9
109.465	-0.00414681	-0.0106625	2020.16
106.894	-0.00304905	-0.0108037	762.466
33.8004	-0.000908601	-0.00187404	11139.4
18.0188	-0.000725421	-0.0036696	24696.7
17.4065	-0.000801161	-0.00402617	41309.1
109.656	-0.00237487	-0.0107449	12824.6
109.656	-0.00261693	-0.0110566	18252.9
105.917	-0.0031084	-0.0105219	6171.76
36.6665	-0.00146368	-0.0020731	4897.87
17.6601	-0.000770934	-0.00421331	26930.1
17.6601	-0.000690348	-0.00416388	27214.5
110.931	-0.0035497	-0.0119232	45726.8
110.931	-0.0035497	-0.0119232	45725.2
109.324	-0.00397513	-0.0108994	79926.6
24.7209	-0.000734068	-0.00111847	216491
12.1375	-0.000544134	-0.00285929	23214.7
12.1375	-0.000544135	-0.00285929	23214.6
110.994	-0.00192803	-0.0119686	2258.8
110.717	-0.00291765	-0.01182	22254.7
109.867	-0.003712	-0.0110942	720.293
22.7251	-0.000432285	-0.00115321	31540.1
12.8855	-0.000571604	-0.00243047	84004.1
12.3876	-0.000528672	-0.00261057	78552.5
109.932	-0.00316199	-0.0111648	38370.8
109.932	-0.00316423	-0.0111642	38391.1
109.608	-0.00509666	-0.0116799	132.238
26.3671	-0.000654112	-0.00163893	129524
16.0702	-0.00070999	-0.00281093	108694
16.0702	-0.000709716	-0.00281125	108699
111.439	-0.00256322	-0.0121675	1236.46
111.017	-0.00319106	-0.0117185	73652.2
110.384	-0.00297946	-0.0114993	17757.1
19.6855	-0.000434774	-0.000925711	36816.4
11.6724	-0.000441965	-0.00197406	30953.3
9.29941	-0.000204106	-0.00256212	31577.5
110.994	-0.00148438	-0.0118631	1642.96
110.717	-0.00281075	-0.0113113	15400.6
109.867	-0.00312083	-0.0116881	152687
22.7251	-0.000601214	-0.00122721	122612
12.8855	-0.000567483	-0.00236213	249247
12.3876	-0.00055965	-0.00261641	93142.7
110.931	-0.00250916	-0.0114102	22346.4
110.931	-0.002742	-0.0117355	26790.2
109.324	-0.00417499	-0.0115591	21708
24.7209	-0.000849262	-0.00123972	23039.2
12.1375	-0.000457405	-0.00282474	250944
12.1375	-0.000450439	-0.00279226	283378
111.785	-0.00338156	-0.0123532	31603.7
111.785	-0.00338156	-0.0123532	31603.7
111.391	-0.00234109	-0.0115295	17148
12.443	-0.000477977	-0.000515605	4521.18
6.17351	-0.000260004	-0.00143216	452536
6.17351	-0.000260003	-0.00143216	452536
111.532	-0.0030319	-0.0119747	127.672
111.532	-0.00303258	-0.0119745	127.689
111.466	-0.00322037	-0.0121043	8163.7
13.2941	-0.000307596	-0.000804615	100361
8.11197	-0.00040065	-0.00135711	10346
8.11197	-0.000400625	-0.00135715	10345.6
111.785	-0.00326637	-0.0121796	48391.7
111.785	-0.00328731	-0.0118454	50075.8
111.391	-0.00171061	-0.0122002	13921.9
12.443	-0.000347434	-0.000576768	114573
6.17351	-0.000282322	-0.00141339	201582
6.17351	-0.000265608	-0.00139737	217160
112.084	-0.00340817	-0.0122492	123713
112.084	-0.00338781	-0.0122492	125842
112.084	-0.00337854	-0.0122492	126699
0	0	0	0
0	0	0	0
0	0	0	0
