720 Out of 16464 Normal Mode Frequencies in 1/ps for a 14x14x14 Si Lattice.
  105.387947  105.387947   84.217887   73.960878   29.550818   29.550818
  105.242670  105.075302   84.782238   72.788971   31.465452   30.169255
  104.742802  104.180584   85.888052   70.168658   36.164422   31.882983
  103.758601  102.834586   86.844220   67.842349   41.327088   34.326162
  102.241817  101.256689   87.306460   68.014818   44.268485   37.021509
  100.404879   99.746164   86.925706   71.614842   43.983835   39.463029
   98.841843   98.642970   85.170325   76.794375   42.501444   41.174120
   98.236321   98.236321   81.670646   81.670646   41.791168   41.791168
  105.387947  105.192283   86.459093   70.768181   31.527886   29.550818
  105.228292  104.675064   88.052152   67.808306   34.544147   30.480340
  104.577870  103.626922   89.216250   65.128380   38.732516   32.755361
  103.310648  102.237729   89.805163   64.530166   41.777575   35.656658
  101.540679  100.760374   89.612756   67.257840   42.192448   38.569447
   99.783571   99.483730   88.218852   71.976308   41.556390   40.782934
   98.841843   98.642970   85.170325   76.794375   42.501444   41.174120
  105.387947  104.695066   89.791107   64.752165   36.419659   29.550818
  105.153928  104.146594   90.924115   61.968639   39.448580   30.594125
  104.350183  103.185175   91.371653   61.072014   41.568671   33.268176
  103.023871  101.995192   91.010891   63.212941   41.765638   36.487700
  101.540679  100.760374   89.612756   67.257840   42.192448   38.569447
  100.404879   99.746164   86.925706   71.614842   43.983835   39.463029
  105.387947  104.216871   91.875594   59.320687   41.491075   29.550818
  105.116643  103.872397   92.039611   58.837249   42.342092   30.633501
  104.350183  103.185175   91.371653   61.072014   41.568671   33.268176
  103.310648  102.237729   89.805163   64.530166   41.777575   35.656658
  102.241817  101.256689   87.306460   68.014818   44.268485   37.021509
  105.387947  104.216871   91.875594   59.320687   41.491075   29.550818
  105.153928  104.146594   90.924115   61.968639   39.448580   30.594125
  104.577870  103.626922   89.216250   65.128380   38.732516   32.755361
  103.758601  102.834586   86.844220   67.842349   41.327088   34.326162
  105.387947  104.695066   89.791107   64.752165   36.419659   29.550818
  105.228292  104.675064   88.052152   67.808306   34.544147   30.480340
  104.742802  104.180584   85.888052   70.168658   36.164422   31.882983
  105.387947  105.192283   86.459093   70.768181   31.527886   29.550818
  105.242670  105.075302   84.782238   72.788971   31.465452   30.169255
  105.387947  105.387947   84.217887   73.960878   29.550818   29.550818
  105.758650  105.758650   88.811151   68.377215   28.702706   28.702706
  105.974911  105.505999   90.778427   65.261398   29.756468   29.126525
  105.629054  104.665687   92.208057   62.291623   33.567723   30.725884
  104.540983  103.360439   93.067870   60.961918   37.517800   33.147013
  102.715085  101.800682   93.259430   62.868687   39.355846   35.902612
  100.583832  100.277038   92.393893   67.381180   39.624043   38.470911
   99.125497   99.125497   89.713989   72.478269   40.357735   40.357735
  106.360454  105.838004   92.940156   62.078361   29.927612   27.353395
  106.373517  105.421825   94.457921   58.948638   32.302521   28.011926
  105.682588  104.444565   95.336900   57.170810   35.372330   30.377384
  104.198977  103.099853   95.524490   58.372065   37.202721   33.456377
  102.220566  101.621889   94.750483   62.389958   37.900420   36.461841
  100.583832  100.277038   92.393893   67.381180   39.624043   38.470911
  106.769637  105.574377   95.929734   55.695308   33.919155   26.400681
  106.570624  105.142234   96.642925   53.802301   35.972450   27.317826
  105.647581  104.272411   96.559127   54.805140   36.820478   30.122417
  104.198977  103.099853   95.524490   58.372065   37.202721   33.456377
  102.715085  101.800682   93.259430   62.868687   39.355846   35.902612
  106.914285  105.369822   97.068167   52.307603   36.662076   26.056367
  106.570624  105.142234   96.642925   53.802301   35.972450   27.317826
  105.682588  104.444565   95.336900   57.170810   35.372330   30.377384
  104.540983  103.360439   93.067870   60.961918   37.517800   33.147013
  106.769637  105.574377   95.929734   55.695308   33.919155   26.400681
  106.373517  105.421825   94.457921   58.948638   32.302521   28.011926
  105.629054  104.665687   92.208057   62.291623   33.567723   30.725884
  106.360454  105.838004   92.940156   62.078361   29.927612   27.353395
  105.974911  105.505999   90.778427   65.261398   29.756468   29.126525
  105.758650  105.758650   88.811151   68.377215   28.702706   28.702706
  106.771512  106.771512   95.410397   58.819385   26.257684   26.257684
  107.200516  106.564207   97.169591   55.489395   26.605094   26.548529
  106.837454  105.768721   98.277716   53.156070   29.698304   28.157553
  105.526142  104.502104   98.760505   53.467455   32.727598   30.696895
  103.412612  102.968203   98.459475   57.031080   34.481417   33.627517
  101.450035  101.450035   96.552255   62.221504   36.390519   36.390519
  107.747907  107.014558   99.052902   51.942150   26.837357   23.833260
  107.781556  106.652321  100.195623   49.241957   28.708450   24.353385
  106.932258  105.727400  100.633238   48.975391   30.882403   26.957429
  105.251320  104.431758  100.237339   52.022606   32.357955   30.391210
  103.412612  102.968203   98.459475   57.031080   34.481417   33.627517
  108.276247  106.860791  101.215592   46.360543   29.748622   22.421729
  107.989405  106.520133  101.384868   46.114085   30.606278   23.557274
  106.932258  105.727400  100.633238   48.975391   30.882403   26.957429
  105.526142  104.502104   98.760505   53.467455   32.727598   30.696895
  108.276247  106.860791  101.215592   46.360543   29.748622   22.421729
  107.781556  106.652321  100.195623   49.241957   28.708450   24.353385
  106.837454  105.768721   98.277716   53.156070   29.698304   28.157553
  107.747907  107.014558   99.052902   51.942150   26.837357   23.833260
  107.200516  106.564207   97.169591   55.489395   26.605094   26.548529
  106.771512  106.771512   95.410397   58.819385   26.257684   26.257684
  108.173864  108.173864  101.236672   48.104056   22.470382   22.470382
  108.633615  107.987694  102.626757   44.870625   22.722095   22.345992
  108.098381  107.217143  103.340028   43.652182   25.045059   24.520109
  106.493830  105.976934  103.380438   45.925679   27.830434   27.363473
  104.467880  104.467880  102.153878   51.015657   30.603986   30.603986
  109.239429  108.448576  104.115279   41.149376   22.552857   19.341955
  109.158341  108.100311  104.814554   39.377374   23.998374   20.032305
  108.102365  107.229354  104.698590   41.121203   25.662569   23.272569
  106.493830  105.976934  103.380438   45.925679   27.830434   27.363473
  109.611008  108.349153  105.285811   37.575610   24.050343   18.132508
  109.158341  108.100311  104.814554   39.377374   23.998374   20.032305
  108.098381  107.217143  103.340028   43.652182   25.045059   24.520109
  109.239429  108.448576  104.115279   41.149376   22.552857   19.341955
  108.633615  107.987694  102.626757   44.870625   22.722095   22.345992
  108.173864  108.173864  101.236672   48.104056   22.470382   22.470382
  109.655608  109.655608  105.917091   36.666521   17.660093   17.660093
  109.979717  109.465462  106.894347   33.800427   18.018787   17.406472
  109.159840  108.697543  107.184385   34.331929   20.281123   20.280796
  107.467606  107.467606  106.506064   39.006399   23.670916   23.670916
  110.544244  109.852847  107.935795   30.126320   17.408449   14.290388
  110.259318  109.527075  108.102155   30.080193   18.466349   15.755516
  109.159840  108.697543  107.184385   34.331929   20.281123   20.280796
  110.544244  109.852847  107.935795   30.126320   17.408449   14.290388
  109.979717  109.465462  106.894347   33.800427   18.018787   17.406472
  109.655608  109.655608  105.917091   36.666521   17.660093   17.660093
  110.931481  110.931481  109.324020   24.720894   12.137500   12.137500
  110.993910  110.716794  109.866944   22.725118   12.885521   12.387598
  109.932299  109.932299  109.608277   26.367120   16.070177   16.070177
  111.438999  111.017210  110.384461   19.685503   11.672448    9.299410
  110.993910  110.716794  109.866944   22.725118   12.885521   12.387598
  110.931481  110.931481  109.324020   24.720894   12.137500   12.137500
  111.784992  111.784992  111.391361   12.443019    6.173509    6.173509
  111.531723  111.531723  111.465780   13.294114    8.111974    8.111974
  111.784992  111.784992  111.391361   12.443019    6.173509    6.173509
  112.084183  112.084183  112.084183    0.000000    0.000000    0.000000
