720 Out of 16464 QH, Third, Fourth Freq in rad/ps and Lifetimes in ps for a 14x14x14 Si Lattice at 5K. (atoms/UC=2)
105.388	-0.294438	-0.102128	61.1892
105.388	-0.294438	-0.102128	61.1888
84.2179	-0.230154	0.163684	140.556
73.9609	-0.105037	-0.368638	57.0348
29.5508	-0.0197028	-0.350037	160243
29.5508	-0.0197028	-0.350037	160521
105.243	-0.290097	-0.0970181	20.9838
105.075	-0.254037	-0.0956389	118.861
84.7822	-0.168447	0.117163	51.095
72.789	-0.141615	-0.321246	17.9346
31.4655	-0.0220791	-0.343113	137893
30.1693	-0.0213054	-0.354451	146484
104.743	-0.221739	-0.0821259	21.3999
104.181	-0.248309	-0.0767155	51.5266
85.8881	-0.196155	0.0452218	5.57457
70.1687	-0.0983471	-0.243462	39.7824
36.1644	-0.0274236	-0.341753	98450.2
31.883	-0.0256113	-0.368039	117997
103.759	-0.242695	-0.0579075	20.3792
102.835	-0.242901	-0.0470985	13.931
86.8442	-0.196835	-0.0108235	56.4361
67.8423	-0.101328	-0.167669	54.2518
41.3271	-0.0325459	-0.374525	14602.3
34.3262	-0.031449	-0.390897	91770.6
102.242	-0.244657	-0.0238598	98.6503
101.257	-0.233431	-0.0103743	32.4186
87.3065	-0.175454	-0.0554573	47.6049
68.0148	-0.109993	-0.102772	34.2389
44.2685	-0.0391078	-0.433109	2255.14
37.0215	-0.0372812	-0.421133	53282
100.405	-0.227755	0.019076	52.5281
99.7462	-0.23669	0.0271438	46.0419
86.9257	-0.194448	-0.0945033	14.9899
71.6148	-0.123095	-0.0878756	15.1784
43.9838	-0.0434976	-0.466945	1598.07
39.463	-0.0424838	-0.453537	30518.8
98.8418	-0.256607	0.0588547	66.202
98.643	-0.243469	0.05625	274.621
85.1703	-0.194462	-0.121056	4.28307
76.7944	-0.155842	-0.104124	15.4341
42.5014	-0.0478274	-0.480598	23222.6
41.1741	-0.0470936	-0.479459	36448.7
98.2363	-0.224301	0.070908	19.8594
98.2363	-0.22421	0.0709485	19.892
81.6706	-0.126881	-0.120903	14.7619
81.6706	-0.131572	-0.122302	23.0946
41.7912	-0.054594	-0.487486	966.353
41.7912	-0.0545143	-0.487587	969.586
105.388	-0.264211	-0.101999	19.1244
105.192	-0.26791	-0.0967593	28.5203
86.4591	-0.193027	0.0536169	22.1277
70.7682	-0.157697	-0.257902	16.5626
31.5279	-0.0224539	-0.339254	135644
29.5508	-0.0205399	-0.35004	152154
105.228	-0.260705	-0.0963019	108.758
104.675	-0.245506	-0.0856553	43.9326
88.0522	-0.199989	-7.57868e-05	29.063
67.8083	-0.121476	-0.20161	23.0658
34.5441	-0.0260208	-0.333439	108811
30.4803	-0.0231532	-0.35396	132163
104.578	-0.253325	-0.0806993	25.7149
103.627	-0.268626	-0.0626955	35.3739
89.2163	-0.193784	-0.0394058	25.841
65.1284	-0.114902	-0.149736	61.9402
38.7325	-0.0340333	-0.349494	2284.07
32.7554	-0.0283329	-0.368424	103931
103.311	-0.261494	-0.0546776	61.1271
102.238	-0.260416	-0.0303212	31.1766
89.8052	-0.195658	-0.0701006	13.2605
64.5302	-0.109118	-0.0996801	56.5937
41.7776	-0.0345816	-0.394763	6562.45
35.6567	-0.0347012	-0.393916	54081.7
101.541	-0.24701	-0.0172158	98.114
100.76	-0.244161	0.00657958	38.7195
89.6128	-0.209094	-0.0972921	10.2829
67.2578	-0.116604	-0.0812701	96.5115
42.1924	-0.0416777	-0.433976	29451.1
38.5694	-0.0407476	-0.426971	44070
99.7836	-0.24274	0.0252516	17.4444
99.4837	-0.244458	0.0410067	60.5671
88.2189	-0.22865	-0.119214	18.6349
71.9763	-0.114687	-0.090949	169.992
41.5564	-0.0464614	-0.46017	11180.5
40.7829	-0.0444883	-0.45864	15342.4
98.8418	-0.240744	0.0529973	159.108
98.643	-0.256745	0.063443	67.6977
85.1703	-0.205392	-0.122558	8.32568
76.7944	-0.128663	-0.103844	11.632
42.5014	-0.0501282	-0.484484	4027.36
41.1741	-0.0464903	-0.475584	42915.5
105.388	-0.266138	-0.101645	45.263
104.695	-0.250061	-0.0817786	11.4499
89.7911	-0.24074	-0.0376082	25.7575
64.7522	-0.102145	-0.161999	38.1031
36.4197	-0.0280244	-0.329457	71539.2
29.5508	-0.0225328	-0.350046	136178
105.154	-0.262617	-0.0961385	87.9438
104.147	-0.255995	-0.0675149	53.5923
90.9241	-0.219328	-0.0652643	18.8263
61.9686	-0.115716	-0.122181	51.8707
39.4486	-0.0298872	-0.343342	51315.3
30.5941	-0.0251381	-0.353451	119783
104.35	-0.263077	-0.0808061	18.2471
103.185	-0.25143	-0.0439784	44.4701
91.3717	-0.253231	-0.0838987	10.6333
61.072	-0.106657	-0.0849002	24.8766
41.5687	-0.0332795	-0.378067	92.2095
33.2682	-0.0297721	-0.367051	92843.2
103.024	-0.243549	-0.0551443	21.5546
101.995	-0.26409	-0.0152798	35.6218
91.0109	-0.229835	-0.0949572	19.0317
63.2129	-0.116331	-0.0744747	41.2867
41.7656	-0.0363324	-0.407462	331.418
36.4877	-0.0547933	-0.393355	78.9135
101.541	-0.262916	-0.0191988	22.0694
100.76	-0.240501	0.0118256	23.8334
89.6128	-0.196024	-0.0999241	33.3934
67.2578	-0.113058	-0.0819355	14.1094
42.1924	-0.0324545	-0.435903	152.145
38.5694	-0.0402561	-0.424713	20635.2
100.405	-0.2337	0.015958	81.9173
99.7462	-0.253892	0.0346412	13.7848
86.9257	-0.180941	-0.0982855	26.3863
71.6148	-0.12863	-0.0882398	22.1946
43.9838	-0.0460571	-0.47041	5403.67
39.463	-0.0429487	-0.449924	10540.1
105.388	-0.266379	-0.101137	49.7979
104.217	-0.277115	-0.0642922	73.1676
91.8756	-0.206028	-0.0832161	44.0849
59.3207	-0.116695	-0.0898831	23.705
41.4911	-0.0233933	-0.35498	97.3578
29.5508	-0.0243189	-0.350041	125423
105.117	-0.262423	-0.0959765	46.1278
103.872	-0.27304	-0.0545837	62.5737
92.0396	-0.209614	-0.0904381	11.8607
58.8372	-0.11538	-0.0729891	50.7444
42.3421	-0.0274109	-0.371655	284.957
30.6335	-0.0262347	-0.353254	114649
104.35	-0.262032	-0.0807621	23.1331
103.185	-0.258241	-0.0402371	68.4793
91.3717	-0.211872	-0.0866592	9.06254
61.072	-0.10885	-0.0867822	32.1709
41.5687	-0.0352676	-0.376998	421.883
33.2682	-0.0301044	-0.366785	95485.5
103.311	-0.262878	-0.0551282	40.0192
102.238	-0.260774	-0.0232839	20.5675
89.8052	-0.20154	-0.0749947	16.1619
64.5302	-0.113697	-0.10207	51.5584
41.7776	-0.0352552	-0.39507	6365.63
35.6567	-0.0351213	-0.392148	31868.2
102.242	-0.229711	-0.0243014	10.6557
101.257	-0.269255	-0.00246963	13.6783
87.3065	-0.158744	-0.0611301	8.41899
68.0148	-0.128262	-0.104715	34.8187
44.2685	-0.0407144	-0.435395	6694.53
37.0215	-0.0375657	-0.41785	63548.7
105.388	-0.260747	-0.100573	87.3258
104.217	-0.272833	-0.0610031	59.4047
91.8756	-0.192093	-0.0859206	24.0289
59.3207	-0.112826	-0.092353	30.9359
41.4911	-0.0315327	-0.353108	5761.41
29.5508	-0.0246686	-0.350017	124399
105.154	-0.268911	-0.0952121	133.148
104.147	-0.255603	-0.0613156	44.0358
90.9241	-0.208171	-0.0702142	16.4948
61.9686	-0.116322	-0.126003	28.7556
39.4486	-0.0305011	-0.340775	52630.7
30.5941	-0.025719	-0.353317	117747
104.578	-0.256282	-0.0794889	18.7574
103.627	-0.279108	-0.0545977	20.457
89.2163	-0.187185	-0.0458433	16.2831
65.1284	-0.103596	-0.153929	47.8124
38.7325	-0.0321574	-0.347982	8800.15
32.7554	-0.0286594	-0.367281	99615.7
103.759	-0.261571	-0.056242	22.82
102.835	-0.290831	-0.0387806	19.7332
86.8442	-0.173594	-0.017764	25.2691
67.8423	-0.10164	-0.17155	18.2673
41.3271	-0.0344478	-0.375261	11626.1
34.3262	-0.033454	-0.387946	1242.18
105.388	-0.276353	-0.100067	71.3676
104.695	-0.253247	-0.0736354	17.7046
89.7911	-0.22691	-0.0441212	38.3945
64.7522	-0.105163	-0.166837	63.1305
36.4197	-0.0282995	-0.326306	67075.1
29.5508	-0.0234322	-0.349978	132202
105.228	-0.263504	-0.0939638	88.2719
104.675	-0.262303	-0.076602	51.6875
88.0522	-0.182652	-0.00755479	21.4697
67.8083	-0.119518	-0.206818	24.3496
34.5441	-0.026493	-0.330752	103167
30.4803	-0.0239957	-0.353448	127140
104.743	-0.253842	-0.0788691	40.1595
104.181	-0.271793	-0.0680547	32.5495
85.8881	-0.178126	0.037402	10.8158
70.1687	-0.105866	-0.248542	62.1325
36.1644	-0.0279248	-0.341533	31062.7
31.883	-0.0261178	-0.365358	113563
105.388	-0.267871	-0.0997127	20.5115
105.192	-0.273416	-0.0862982	51.0127
86.4591	-0.150295	0.0454489	12.9846
70.7682	-0.118384	-0.263526	98.9551
31.5279	-0.0229732	-0.33601	129698
29.5508	-0.0216615	-0.34994	143959
105.243	-0.285486	-0.0927137	24.3192
105.075	-0.268938	-0.086752	20.613
84.7822	-0.147938	0.108667	45.4761
72.789	-0.125339	-0.326813	34.6348
31.4655	-0.0231138	-0.342397	131070
30.1693	-0.0219838	-0.351942	140067
105.388	-0.268849	-0.0974491	58.3073
105.388	-0.285082	-0.0931614	60.7122
84.2179	-0.16402	0.154839	239.037
73.9609	-0.120549	-0.374293	90.0399
29.5508	-0.0207238	-0.349145	150770
29.5508	-0.0204566	-0.347587	152822
105.759	-0.280691	-0.111032	30.472
105.759	-0.280691	-0.111032	30.4721
88.8112	-0.244769	0.00346088	20.3523
68.3772	-0.131311	-0.209409	191.312
28.7027	-0.0189844	-0.337495	164617
28.7027	-0.0189844	-0.337495	164921
105.975	-0.269056	-0.114251	16.6153
105.506	-0.262791	-0.107188	12.2236
90.7784	-0.219117	-0.035714	48.2665
65.2614	-0.105924	-0.170946	36.5159
29.7565	-0.0204041	-0.323551	148743
29.1265	-0.0208259	-0.334163	148921
105.629	-0.286061	-0.106007	25.2743
104.666	-0.270438	-0.0907384	28.2384
92.2081	-0.24366	-0.0649365	18.4008
62.2916	-0.108186	-0.137345	48.4081
33.5677	-0.0247423	-0.318605	73965.1
30.7259	-0.0252416	-0.342038	119660
104.541	-0.271946	-0.0853989	20.6505
103.36	-0.260304	-0.0631599	44.409
93.0679	-0.221046	-0.0878761	10.7701
60.9619	-0.0981838	-0.101201	56.6387
37.5178	-0.0299044	-0.347014	82711.9
33.147	-0.0307178	-0.362164	63645.2
102.715	-0.254336	-0.0488745	20.3277
101.801	-0.252542	-0.0276152	27.6564
93.2594	-0.16211	-0.110702	2.83792
62.8687	-0.0936419	-0.0794775	154.972
39.3558	-0.0372446	-0.391275	52259.5
35.9026	-0.0370315	-0.392855	65558.5
100.584	-0.245797	0.00505237	14.4043
100.277	-0.250692	0.0101545	23.7666
92.3939	-0.213294	-0.137923	16.9992
67.3812	-0.0987734	-0.0846661	102.938
39.624	-0.0426088	-0.427355	35531.3
38.4709	-0.0420194	-0.428809	60410
99.1255	-0.254702	0.0449843	47.9192
99.1255	-0.254427	0.045024	47.9126
89.714	-0.233898	-0.146488	18.2693
72.4783	-0.110334	-0.0977514	117.748
40.3577	-0.0451953	-0.459159	38162.4
40.3577	-0.045132	-0.459248	38208.8
106.36	-0.262077	-0.124051	43.1153
105.838	-0.260285	-0.113545	21.5605
92.9402	-0.204565	-0.0656994	5.82231
62.0784	-0.0960016	-0.143051	41.9672
29.9276	-0.0214318	-0.312192	137452
27.3534	-0.0187355	-0.322814	167711
106.374	-0.269146	-0.123989	21.9925
105.422	-0.278062	-0.10516	19.1232
94.4579	-0.222272	-0.0891045	26.3827
58.9486	-0.109761	-0.11793	30.8806
32.3025	-0.0241515	-0.304183	113613
28.0119	-0.0210503	-0.320002	147433
105.683	-0.272123	-0.112207	25.101
104.445	-0.250287	-0.084412	33.1672
95.3369	-0.238224	-0.106285	24.1802
57.1708	-0.0916342	-0.090951	70.7418
35.3723	-0.02753	-0.319942	39467.2
30.3774	-0.0261876	-0.330307	114318
104.199	-0.271495	-0.0866168	43.7897
103.1	-0.251089	-0.0537046	45.4254
95.5245	-0.231394	-0.12002	12.7679
58.3721	-0.0796099	-0.0723781	71.8005
37.2027	-0.0362541	-0.355549	1668.51
33.4564	-0.0320471	-0.355316	60730.5
102.221	-0.24123	-0.0446318	13.5521
101.622	-0.257295	-0.0171911	52.1425
94.7505	-0.20295	-0.134828	7.31255
62.39	-0.0913666	-0.0748963	213.078
37.9004	-0.0383762	-0.392205	46355.8
36.4618	-0.0376773	-0.39029	38093.7
100.584	-0.25025	0.00065284	30.137
100.277	-0.243141	0.0176551	8.36712
92.3939	-0.208775	-0.140695	21.6856
67.3812	-0.0962837	-0.0849939	65.1734
39.624	-0.0448764	-0.430748	6387.31
38.4709	-0.0425825	-0.425239	18556.4
106.77	-0.276787	-0.132497	42.7002
105.574	-0.27719	-0.105273	13.7431
95.9297	-0.23752	-0.10908	31.1826
55.6953	-0.101085	-0.0964134	72.9799
33.9192	-0.0251115	-0.295556	109460
26.4007	-0.019666	-0.312933	161994
106.571	-0.269404	-0.129632	18.1158
105.142	-0.266285	-0.0940252	30.1712
96.6429	-0.219814	-0.121913	18.785
53.8023	-0.101884	-0.0743067	76.3102
35.9725	-0.0263858	-0.307429	75998.8
27.3178	-0.0219157	-0.31323	143714
105.648	-0.278809	-0.115067	21.2852
104.272	-0.269459	-0.0739354	24.8633
96.5591	-0.233517	-0.12624	11.7378
54.8051	-0.0911878	-0.0660734	45.5264
36.8205	-0.0323562	-0.329992	256.871
30.1224	-0.0266135	-0.325767	113350
104.199	-0.266805	-0.0873764	22.9828
103.1	-0.258767	-0.0485576	35.3603
95.5245	-0.202852	-0.123599	12.5909
58.3721	-0.0937716	-0.0735708	111.318
37.2027	-0.0360206	-0.355839	1866.76
33.4564	-0.0318611	-0.354259	52172.3
102.715	-0.278678	-0.0499977	11.2029
101.801	-0.282562	-0.0197013	21.3387
93.2594	-0.147538	-0.116294	3.33206
62.8687	-0.0948813	-0.0808491	167.263
39.3558	-0.0352164	-0.393788	2524.16
35.9026	-0.0371909	-0.38961	55910.5
106.914	-0.269795	-0.135088	13.6277
105.37	-0.262192	-0.0956434	24.9137
97.0682	-0.220967	-0.129157	24.3322
52.3076	-0.107906	-0.0641233	91.781
36.6621	-0.0248378	-0.305951	65682.8
26.0564	-0.0204727	-0.309407	158376
106.571	-0.27055	-0.129217	60.6113
105.142	-0.284218	-0.0901208	29.4616
96.6429	-0.211925	-0.125214	20.1935
53.8023	-0.0920276	-0.0763834	65.242
35.9725	-0.0264351	-0.305913	56946.5
27.3178	-0.0222639	-0.313126	143003
105.683	-0.288035	-0.111726	15.5325
104.445	-0.259181	-0.0771081	20.9463
95.3369	-0.254441	-0.112226	10.1642
57.1708	-0.089096	-0.0939461	130.157
35.3723	-0.027876	-0.318585	7315.35
30.3774	-0.0265764	-0.329579	113458
104.541	-0.257549	-0.0842588	15.0182
103.36	-0.278668	-0.0548346	60.0704
93.0679	-0.218875	-0.0950659	6.17536
60.9619	-0.114321	-0.104261	92.1971
37.5178	-0.0277876	-0.348087	762.728
33.147	-0.0309218	-0.359241	63849
106.77	-0.26708	-0.131456	33.5505
105.574	-0.288306	-0.0984996	75.2262
95.9297	-0.210905	-0.114832	19.5169
55.6953	-0.0968526	-0.100022	261.599
33.9192	-0.0254908	-0.292986	108800
26.4007	-0.0203943	-0.312787	160085
106.374	-0.26866	-0.122443	34.1118
105.422	-0.28691	-0.0964463	32.3894
94.4579	-0.200889	-0.0964814	25.4432
58.9486	-0.105049	-0.122234	72.7802
32.3025	-0.0243008	-0.301575	65769
28.0119	-0.021898	-0.319649	144640
105.629	-0.271963	-0.103247	39.407
104.666	-0.271421	-0.0820759	26.7546
92.2081	-0.240946	-0.0729992	8.15978
62.2916	-0.104459	-0.141797	18.4874
33.5677	-0.0260287	-0.318523	60454.2
30.7259	-0.0256078	-0.339382	116995
106.36	-0.269898	-0.12217	32.8087
105.838	-0.274923	-0.103459	14.6623
92.9402	-0.2232	-0.0739358	14.0951
62.0784	-0.10732	-0.148032	50.7507
29.9276	-0.0219656	-0.309139	131789
27.3534	-0.0201412	-0.322606	127404
105.975	-0.257381	-0.110316	9.48578
105.506	-0.272559	-0.0983129	20.1183
90.7784	-0.204532	-0.0442909	46.6017
65.2614	-0.104682	-0.176159	66.5355
29.7565	-0.0217295	-0.322854	137649
29.1265	-0.0214477	-0.331687	144044
105.759	-0.275136	-0.106463	41.6624
105.759	-0.283814	-0.102096	36.1975
88.8112	-0.177059	-0.00533748	83.58
68.3772	-0.123108	-0.214953	78.8345
28.7027	-0.0196254	-0.336585	99714.2
28.7027	-0.0192938	-0.335094	97100
106.772	-0.275771	-0.134764	139.262
106.772	-0.275771	-0.134764	139.265
95.4104	-0.246252	-0.0901631	39.1378
58.8194	-0.0888958	-0.12205	8.73467
26.2577	-0.0176817	-0.302742	180100
26.2577	-0.0176817	-0.302742	180424
107.201	-0.279043	-0.142987	31.6301
106.564	-0.269789	-0.132792	32.7484
97.1696	-0.280091	-0.110162	13.8126
55.4894	-0.0881287	-0.103689	248.919
26.6051	-0.0182448	-0.285357	172198
26.5485	-0.0196167	-0.29314	161112
106.837	-0.297567	-0.137855	12.623
105.769	-0.278969	-0.11827	84.25
98.2777	-0.235431	-0.124829	16.5834
53.1561	-0.076376	-0.0853497	175.523
29.6983	-0.021835	-0.281278	135798
28.1576	-0.0239013	-0.297658	128722
105.526	-0.29248	-0.117198	25.1285
104.502	-0.263435	-0.0924926	45.7802
98.7605	-0.240918	-0.136272	65.4835
53.4675	-0.0830071	-0.0682626	43.4127
32.7276	-0.0276129	-0.307806	93041.3
30.6969	-0.0292456	-0.317707	100812
103.413	-0.271916	-0.0721817	21.8816
102.968	-0.254241	-0.0583926	71.3085
98.4595	-0.203632	-0.154542	6.87494
57.0311	-0.0804797	-0.0664301	63.0872
34.4814	-0.0342853	-0.34704	81212.3
33.6275	-0.0346197	-0.350888	82385.7
101.45	-0.263586	-0.0176084	30.0397
101.45	-0.263741	-0.0175724	30.0395
96.5523	-0.245336	-0.171222	9.75552
62.2215	-0.0866539	-0.0758563	29.9368
36.3905	-0.0390668	-0.389336	61567.7
36.3905	-0.0390321	-0.389397	61618.9
107.748	-0.257198	-0.155053	28.1118
107.015	-0.288299	-0.14201	55.5095
99.0529	-0.261631	-0.128569	43.6772
51.9421	-0.0710312	-0.0884144	77.9473
26.8374	-0.0196155	-0.267265	154658
23.8333	-0.0164205	-0.279014	201468
107.782	-0.261051	-0.156916	50.188
106.652	-0.28177	-0.135068	42.8319
100.196	-0.269236	-0.142274	32.4604
49.242	-0.075363	-0.0734087	67.9755
28.7084	-0.021657	-0.260273	129804
24.3534	-0.0183612	-0.273076	178630
106.932	-0.280228	-0.145574	37.4157
105.727	-0.288515	-0.115574	20.6396
100.633	-0.274914	-0.150347	17.2936
48.9754	-0.077451	-0.0602319	577.078
30.8824	-0.0262814	-0.277427	3759.49
26.9574	-0.0226071	-0.282301	34269.1
105.251	-0.278113	-0.117508	37.1221
104.432	-0.249673	-0.085943	21.9527
100.237	-0.272662	-0.156224	13.5976
52.0226	-0.0748497	-0.05923	177.697
32.358	-0.030447	-0.309464	87396.1
30.3912	-0.029039	-0.309494	90847.2
103.413	-0.260604	-0.074858	53.0771
102.968	-0.262871	-0.0505367	29.8229
98.4595	-0.177029	-0.159168	6.58543
57.0311	-0.0789915	-0.067128	32.9206
34.4814	-0.0347328	-0.349733	80786.1
33.6275	-0.0341659	-0.347788	68002.5
108.276	-0.275717	-0.165509	27.1247
106.861	-0.289244	-0.136703	27.8526
101.216	-0.226363	-0.155619	14.2152
46.3605	-0.0688733	-0.0598938	1669.08
29.7486	-0.0208337	-0.249623	7599.82
22.4217	-0.0164512	-0.266321	209854
107.989	-0.266559	-0.161934	44.2522
106.52	-0.281204	-0.127596	22.0904
101.385	-0.273343	-0.160163	7.60873
46.1141	-0.0728164	-0.0541431	275.222
30.6063	-0.0227488	-0.257193	103081
23.5573	-0.0185946	-0.26703	181910
106.932	-0.271989	-0.145626	29.602
105.727	-0.286657	-0.110196	20.7126
100.633	-0.260019	-0.15485	25.6266
48.9754	-0.0738259	-0.0617323	1065.99
30.8824	-0.0341075	-0.276642	312.305
26.9574	-0.0235424	-0.281949	133435
105.526	-0.279724	-0.116749	34.3129
104.502	-0.258111	-0.0842203	17.1804
98.7605	-0.214649	-0.143598	17.9236
53.4675	-0.0799034	-0.0702668	16.2132
32.7276	-0.0286368	-0.309291	54684.6
30.6969	-0.0288948	-0.314919	77269.9
108.276	-0.290168	-0.165033	13.8921
106.861	-0.285594	-0.132185	11.3665
101.216	-0.248896	-0.159698	11.6316
46.3605	-0.0671639	-0.0618365	1047.18
29.7486	-0.0210018	-0.248137	10168.2
22.4217	-0.0168389	-0.266186	208985
107.782	-0.276496	-0.15606	14.2121
106.652	-0.275361	-0.127178	29.1839
100.196	-0.281278	-0.149284	14.8459
49.242	-0.0800075	-0.0764716	17.4855
28.7084	-0.0220273	-0.258175	134169
24.3534	-0.019018	-0.2728	177386
106.837	-0.286035	-0.135658	11.4628
105.769	-0.303162	-0.109666	18.3466
98.2777	-0.221504	-0.133303	7.70524
53.1561	-0.0666691	-0.0887898	65.8383
29.6983	-0.0230163	-0.281451	106824
28.1576	-0.0226175	-0.295133	5800.18
107.748	-0.251423	-0.153702	20.3364
107.015	-0.271469	-0.132355	18.121
99.0529	-0.244292	-0.136997	30.5645
51.9421	-0.0762438	-0.0923666	92.3961
26.8374	-0.0199776	-0.264615	148354
23.8333	-0.0173282	-0.278705	193281
107.201	-0.262835	-0.139544	15.4399
106.564	-0.26743	-0.12398	16.0399
97.1696	-0.251067	-0.119238	9.87121
55.4894	-0.0875536	-0.10804	67.5836
26.6051	-0.0199281	-0.284723	92141.5
26.5485	-0.0201823	-0.290801	153094
106.772	-0.243846	-0.130483	24.676
106.772	-0.240539	-0.125902	17.8369
95.4104	-0.163169	-0.0994783	17.8773
58.8194	-0.06977	-0.126898	18.2159
26.2577	-0.0187749	-0.3018	163709
26.2577	-0.0184692	-0.300491	163060
108.174	-0.277389	-0.166253	56.7515
108.174	-0.277389	-0.166253	56.7486
101.237	-0.260375	-0.145202	116.657
48.1041	-0.0659579	-0.0762693	882.286
22.4704	-0.0155407	-0.252389	215421
22.4704	-0.0155407	-0.252389	215758
108.634	-0.282062	-0.175599	52.217
107.988	-0.28524	-0.165019	54.6924
102.627	-0.277533	-0.158196	36.8799
44.8706	-0.067006	-0.0650995	1263.96
22.7221	-0.0174751	-0.238769	188706
22.346	-0.0155326	-0.235127	216395
108.098	-0.275487	-0.170015	87.0434
107.217	-0.277507	-0.151411	26.6337
103.34	-0.283274	-0.165917	31.7633
43.6522	-0.0572128	-0.0545857	132.918
25.0451	-0.0193016	-0.235277	157752
24.5201	-0.0214893	-0.243557	148822
106.494	-0.257115	-0.143795	28.9694
105.977	-0.263964	-0.126717	59.3604
103.38	-0.256101	-0.173896	24.0295
45.9257	-0.064576	-0.0499767	1221.4
27.8304	-0.0254123	-0.263059	120347
27.3635	-0.0263329	-0.2674	117261
104.468	-0.263356	-0.0899475	23.2292
104.468	-0.267943	-0.0899195	39.9954
102.154	-0.32784	-0.194314	12.7901
51.0157	-0.0665004	-0.0564066	860.754
30.604	-0.0307602	-0.304325	94702.5
30.604	-0.0307441	-0.304359	94747.8
109.239	-0.275023	-0.187327	31.2329
108.449	-0.281453	-0.174379	24.3746
104.115	-0.300781	-0.171796	28.314
41.1494	-0.0574904	-0.0550372	3234.74
22.5529	-0.0169163	-0.21189	193021
19.342	-0.0134197	-0.225623	269293
109.158	-0.282328	-0.188031	22.5477
108.1	-0.302818	-0.167262	39.8313
104.815	-0.27311	-0.180211	35.6823
39.3774	-0.0550219	-0.0463964	1485.14
23.9984	-0.0187573	-0.208518	163932
20.0323	-0.0152982	-0.220182	231846
108.102	-0.272949	-0.174421	18.7083
107.229	-0.270072	-0.147628	20.8989
104.699	-0.275969	-0.182641	15.747
41.1212	-0.0670994	-0.0445957	12.4329
25.6626	-0.0222208	-0.228782	137272
23.2726	-0.0204871	-0.232561	161402
106.494	-0.273058	-0.144671	23.4562
105.977	-0.288589	-0.118546	13.8889
103.38	-0.263387	-0.180601	40.698
45.9257	-0.069948	-0.0509283	14.2722
27.8304	-0.0260308	-0.264939	117939
27.3635	-0.0260942	-0.264862	118547
109.611	-0.274895	-0.194244	163.207
108.349	-0.292577	-0.168829	69.9954
105.286	-0.24938	-0.188657	34.1214
37.5756	-0.0520877	-0.0417427	20244.5
24.0503	-0.0178624	-0.197514	176113
18.1325	-0.0130615	-0.216284	292171
109.158	-0.28236	-0.187747	16.2003
108.1	-0.302682	-0.161276	25.7975
104.815	-0.255866	-0.185743	9.0612
39.3774	-0.0567626	-0.0479989	1016.14
23.9984	-0.0189165	-0.207316	161129
20.0323	-0.0156281	-0.220021	231214
108.098	-0.276151	-0.168439	24.3397
107.217	-0.254638	-0.142902	18.9244
103.34	-0.247503	-0.174669	9.75423
43.6522	-0.0626986	-0.0568932	5323.86
25.0451	-0.0197994	-0.235831	82095.9
24.5201	-0.021531	-0.241277	150118
109.239	-0.288877	-0.186533	8.6561
108.449	-0.278474	-0.165421	33.9749
104.115	-0.283666	-0.180085	20.4415
41.1494	-0.0517401	-0.0578328	178.346
22.5529	-0.0171034	-0.209865	194552
19.342	-0.0140823	-0.225295	266333
108.634	-0.26882	-0.17267	27.1796
107.988	-0.281134	-0.156296	45.4073
102.627	-0.198314	-0.167755	7.23296
44.8706	-0.066507	-0.0684503	2134.3
22.7221	-0.0177517	-0.236677	189375
22.346	-0.0163955	-0.23465	176279
108.174	-0.277363	-0.162363	17.3419
108.174	-0.28636	-0.157493	14.8555
101.237	-0.238923	-0.155159	102.84
48.1041	-0.0659887	-0.0801988	1015.4
22.4704	-0.0163663	-0.251456	212544
22.4704	-0.0160241	-0.2504	213917
109.656	-0.267402	-0.197992	58.3296
109.656	-0.267402	-0.197992	58.3291
105.917	-0.304172	-0.184348	58.8735
36.6665	-0.0485897	-0.0469266	41104.9
17.6601	-0.0125754	-0.193183	287804
17.6601	-0.0125754	-0.193183	288140
109.98	-0.296472	-0.205275	36.0347
109.465	-0.286342	-0.196436	24.3541
106.894	-0.321624	-0.192755	41.2957
33.8004	-0.0449246	-0.0399198	21145.1
18.0188	-0.0144961	-0.17845	241548
17.4065	-0.0124966	-0.178418	292515
109.16	-0.284186	-0.195767	27.5613
108.698	-0.296083	-0.182763	31.2332
107.184	-0.309332	-0.196232	25.1494
34.3319	-0.0440765	-0.0355308	21957
20.2811	-0.0182817	-0.188726	184384
20.2808	-0.0170824	-0.185918	199068
107.468	-0.272198	-0.15433	50.6434
107.468	-0.271931	-0.154312	50.656
106.506	-0.321529	-0.214288	11.3799
39.0064	-0.0602445	-0.0395045	50.3153
23.6709	-0.0224729	-0.220111	141334
23.6709	-0.022467	-0.220126	141359
110.544	-0.278082	-0.214771	53.6486
109.853	-0.282132	-0.203576	75.9444
107.936	-0.283549	-0.203187	9.74304
30.1263	-0.0390596	-0.0330978	53148.5
17.4084	-0.0135656	-0.152954	255809
14.2904	-0.00991077	-0.168188	409372
110.259	-0.27157	-0.212281	27.8575
109.527	-0.292985	-0.194403	35.0855
108.102	-0.290258	-0.207935	18.9168
30.0802	-0.0295997	-0.0312317	350.34
18.4663	-0.0151861	-0.156681	217500
15.7555	-0.0123974	-0.166335	307286
109.16	-0.278318	-0.195137	30.4702
108.698	-0.286582	-0.174362	58.0568
107.184	-0.294185	-0.204741	15.5024
34.3319	-0.0441193	-0.0366567	9487.54
20.2811	-0.0181331	-0.186804	186357
20.2808	-0.0175814	-0.18695	194723
110.544	-0.256153	-0.214444	67.2272
109.853	-0.26691	-0.196294	25.9878
107.936	-0.290248	-0.210206	9.91103
30.1263	-0.0355433	-0.0346001	2695.98
17.4084	-0.0135884	-0.151794	257861
14.2904	-0.0102137	-0.167961	405055
109.98	-0.279524	-0.202877	42.2276
109.465	-0.257883	-0.187819	17.803
106.894	-0.310807	-0.202649	22.1436
33.8004	-0.0456222	-0.0422157	16077.8
18.0188	-0.0145797	-0.176719	243986
17.4065	-0.014436	-0.178225	7014.07
109.656	-0.31614	-0.189339	7.50622
109.656	-0.306953	-0.194511	8.879
105.917	-0.279873	-0.194849	39.7208
36.6665	-0.0509725	-0.0498899	5662.49
17.6601	-0.0131739	-0.192346	280699
17.6601	-0.0128411	-0.191568	283503
110.931	-0.291089	-0.224203	93.6332
110.931	-0.291089	-0.224203	93.6256
109.324	-0.31661	-0.211994	108.21
24.7209	-0.0310816	-0.0267391	65078.5
12.1375	-0.00888175	-0.129896	449569
12.1375	-0.00888175	-0.129896	449860
110.994	-0.299211	-0.227156	17.6461
110.717	-0.285479	-0.221546	112.47
109.867	-0.294201	-0.216465	25.7769
22.7251	-0.0283017	-0.0228779	109649
12.8855	-0.0109068	-0.118662	343989
12.3876	-0.0095939	-0.119473	408196
109.932	-0.27981	-0.202932	11.6329
109.932	-0.279969	-0.202924	11.6099
109.608	-0.311062	-0.229725	4.87737
26.3671	-0.0328322	-0.0248892	47177.3
16.0702	-0.0144712	-0.141864	247585
16.0702	-0.0144698	-0.141868	247598
111.439	-0.285369	-0.233417	10.6865
111.017	-0.296645	-0.223162	14.2573
110.384	-0.285691	-0.225765	28.4462
19.6855	-0.0242753	-0.019469	77458.2
11.6724	-0.00953595	-0.097586	393663
9.29941	-0.0064079	-0.111268	715948
110.994	-0.286735	-0.225411	28.7843
110.717	-0.291793	-0.213027	59.1301
109.867	-0.274409	-0.226333	75.559
22.7251	-0.0284422	-0.0240681	110101
12.8855	-0.0108105	-0.117394	349259
12.3876	-0.00989855	-0.119696	397684
110.931	-0.294516	-0.215618	42.1013
110.931	-0.287958	-0.221048	48.7682
109.324	-0.297724	-0.222933	43.6626
24.7209	-0.0316908	-0.0287169	53615
12.1375	-0.00918955	-0.12926	441313
12.1375	-0.00895652	-0.128755	441832
111.785	-0.281023	-0.241204	134.177
111.785	-0.281023	-0.241204	134.178
111.391	-0.294259	-0.228719	102.079
12.443	-0.015291	-0.0120401	234415
6.17351	-0.0046166	-0.0651349	968855
6.17351	-0.0046166	-0.0651349	968738
111.532	-0.267288	-0.232779	22.6
111.532	-0.267268	-0.232776	22.6217
111.466	-0.264715	-0.239487	20.7665
13.2941	-0.0162138	-0.0119874	220264
8.11197	-0.0070814	-0.0693164	565498
8.11197	-0.00708129	-0.069317	565498
111.785	-0.290653	-0.238283	13.3763
111.785	-0.295707	-0.232687	13.3497
111.391	-0.271674	-0.239935	39.8196
12.443	-0.0153065	-0.0130287	233363
6.17351	-0.00471717	-0.0647912	944246
6.17351	-0.00458987	-0.0645443	946593
112.084	-0.321476	-0.242818	7.22932
112.084	-0.320793	-0.242818	7.23584
112.084	-0.320345	-0.242818	7.22917
0	0	0	0
0	0	0	0
0	0	0	0
