720 Out of 16464 QH, Third, Fourth Freq in rad/ps and Lifetimes in ps for a 14x14x14 Si Lattice at 5K. (atoms/UC=2)
105.388	-0.292766	-0.10222	123.422
105.388	-0.292766	-0.10222	123.419
84.2179	-0.228146	0.16375	692.784
73.9609	-0.110556	-0.368754	254.886
29.5508	-0.0197213	-0.350225	247068
29.5508	-0.0197213	-0.350225	247440
105.243	-0.287755	-0.0971025	30.9343
105.075	-0.254749	-0.0957005	234.741
84.7822	-0.170414	0.117145	130.611
72.789	-0.145043	-0.321449	25.416
31.4655	-0.0220988	-0.343286	209926
30.1693	-0.0213254	-0.354641	224646
104.743	-0.22551	-0.0821636	59.4512
104.181	-0.249189	-0.0767658	103.665
85.8881	-0.159904	0.045202	6.25706
70.1687	-0.101303	-0.24349	66.4665
36.1644	-0.0274475	-0.341911	154692
31.883	-0.0256349	-0.368234	179589
103.759	-0.239709	-0.0579492	26.0882
102.835	-0.244331	-0.0471414	21.7228
86.8442	-0.197553	-0.0108536	137.566
67.8423	-0.106788	-0.167704	216.26
41.3271	-0.0326125	-0.374692	117088
34.3262	-0.0314775	-0.391103	139159
102.242	-0.246093	-0.0239002	121.526
101.257	-0.233185	-0.0104094	20.5029
87.3065	-0.178767	-0.0554944	121.108
68.0148	-0.115914	-0.102807	40.6269
44.2685	-0.0391891	-0.433317	66931.5
37.0215	-0.0373121	-0.421353	110545
100.405	-0.229759	0.0190452	116.839
99.7462	-0.243478	0.0271182	55.1642
86.9257	-0.18962	-0.0945604	14.6287
71.6148	-0.112397	-0.0879103	17.0997
43.9838	-0.0437186	-0.467163	34537.9
39.463	-0.0425128	-0.453776	92787.8
98.8418	-0.257828	0.058846	208.721
98.643	-0.243787	0.0562352	825.916
85.1703	-0.190658	-0.121138	5.28775
76.7944	-0.156534	-0.104192	18.5692
42.5014	-0.0478547	-0.480858	79804.7
41.1741	-0.0471273	-0.479724	84385.9
98.2363	-0.23084	0.0708814	20.9636
98.2363	-0.23074	0.070922	20.9623
81.6706	-0.132602	-0.12093	32.7123
81.6706	-0.136327	-0.122339	62.4547
41.7912	-0.0531395	-0.487812	23118.5
41.7912	-0.0530634	-0.487914	23224.8
105.388	-0.270817	-0.102073	20.1755
105.192	-0.267143	-0.0968295	20.8362
86.4591	-0.191583	0.0536027	20.3985
70.7682	-0.152788	-0.258076	25.8687
31.5279	-0.0224737	-0.339423	206435
29.5508	-0.0205592	-0.350229	231678
105.228	-0.261886	-0.0963701	180.488
104.675	-0.244577	-0.085705	42.768
88.0522	-0.200752	-0.000102435	32.4316
67.8083	-0.116071	-0.201696	21.3639
34.5441	-0.0260429	-0.333594	167170
30.4803	-0.0231745	-0.354148	199264
104.578	-0.253611	-0.0807529	26.1303
103.627	-0.269149	-0.0627546	52.2786
89.2163	-0.196582	-0.039441	31.59
65.1284	-0.115707	-0.149807	52.3082
38.7325	-0.0338254	-0.349684	33662.4
32.7554	-0.0283586	-0.368616	156182
103.311	-0.259766	-0.0547283	102.716
102.238	-0.255082	-0.0303637	27.3028
89.8052	-0.193699	-0.0701431	14.2756
64.5302	-0.112815	-0.0997243	63.3069
41.7776	-0.0346847	-0.39494	99914.2
35.6567	-0.034737	-0.394122	121205
101.541	-0.248244	-0.0172549	234.836
100.76	-0.243905	0.00654772	44.2238
89.6128	-0.209084	-0.0973478	11.0897
67.2578	-0.117682	-0.0813176	74.0552
42.1924	-0.0417159	-0.43419	94352.7
38.5694	-0.0407795	-0.427197	100474
99.7836	-0.234338	0.0252237	18.2974
99.4837	-0.246806	0.0409858	103.422
88.2189	-0.229836	-0.119331	21.1041
71.9763	-0.116869	-0.0909894	143.46
41.5564	-0.0464541	-0.460422	83269.7
40.7829	-0.0444877	-0.45888	84163.5
98.8418	-0.241553	0.0529804	228.949
98.643	-0.258699	0.0634342	97.4536
85.1703	-0.208415	-0.12265	10.5803
76.7944	-0.127755	-0.10389	12.7302
42.5014	-0.0499159	-0.484771	68638.9
41.1741	-0.0465261	-0.475843	82751.8
105.388	-0.267072	-0.101718	48.8737
104.695	-0.242002	-0.0818264	15.5968
89.7911	-0.236697	-0.0376556	64.2843
64.7522	-0.0994236	-0.162041	44.7776
36.4197	-0.0280549	-0.329606	151280
29.5508	-0.0225538	-0.350236	203012
105.154	-0.261355	-0.0962014	145.598
104.147	-0.256878	-0.0675636	86.5537
90.9241	-0.219082	-0.0653169	18.9789
61.9686	-0.115748	-0.122253	62.8845
39.4486	-0.029921	-0.343493	134395
30.5941	-0.0251612	-0.353639	177570
104.35	-0.257776	-0.0808644	18.4069
103.185	-0.24926	-0.044022	56.3822
91.3717	-0.246193	-0.0839743	12.7816
61.072	-0.101501	-0.0849301	31.9691
41.5687	-0.0369442	-0.378264	120.42
33.2682	-0.029799	-0.36724	143686
103.024	-0.24085	-0.0551859	41.546
101.995	-0.265021	-0.0153196	42.4608
91.0109	-0.229231	-0.0950234	20.1675
63.2129	-0.116858	-0.0745176	65.5945
41.7656	-0.0366342	-0.407649	571.276
36.4877	-0.0453401	-0.393576	379.181
101.541	-0.264131	-0.0192408	28.7169
100.76	-0.242306	0.0117933	32.8476
89.6128	-0.197078	-0.0999736	59.6701
67.2578	-0.112286	-0.0819723	21.6968
42.1924	-0.035368	-0.436068	1123.1
38.5694	-0.0402581	-0.424935	94533.7
100.405	-0.234195	0.015928	183.533
99.7462	-0.24811	0.0346166	12.9253
86.9257	-0.180987	-0.0983299	32.1954
71.6148	-0.12846	-0.0882861	23.3991
43.9838	-0.0459943	-0.470662	72576.2
39.463	-0.0429397	-0.450163	84696.7
105.388	-0.269536	-0.101209	61.5165
104.217	-0.275488	-0.064347	116.045
91.8756	-0.206505	-0.0832631	178.39
59.3207	-0.114307	-0.0899344	21.1934
41.4911	-0.0264517	-0.355137	368.422
29.5508	-0.0243416	-0.350232	184978
105.117	-0.263882	-0.0960409	72.5066
103.872	-0.273775	-0.0546358	100.795
92.0396	-0.206948	-0.0904918	11.5612
58.8372	-0.116001	-0.0730299	43.5525
42.3421	-0.028544	-0.371814	5772.67
30.6335	-0.0262588	-0.353443	169002
104.35	-0.264353	-0.0808232	24.0291
103.185	-0.25781	-0.0402818	64.7631
91.3717	-0.207248	-0.0867127	9.19762
61.072	-0.103792	-0.0868127	30.4547
41.5687	-0.0352529	-0.377187	447.944
33.2682	-0.0301314	-0.366975	142260
103.311	-0.262389	-0.0551809	66.9398
102.238	-0.252489	-0.0233239	21.5303
89.8052	-0.208849	-0.0750527	14.7875
64.5302	-0.115979	-0.102123	60.6317
41.7776	-0.0353034	-0.395246	101843
35.6567	-0.0351473	-0.392358	115166
102.242	-0.223687	-0.0243387	13.8618
101.257	-0.269101	-0.00250566	13.5139
87.3065	-0.163275	-0.0611624	10.0031
68.0148	-0.122415	-0.104753	62.8133
44.2685	-0.0407343	-0.435621	90674.5
37.0215	-0.0375984	-0.418072	107346
105.388	-0.264481	-0.100641	81.6804
104.217	-0.272602	-0.0610542	141.274
91.8756	-0.193782	-0.0859652	36.8669
59.3207	-0.109626	-0.0924011	22.3808
41.4911	-0.0316738	-0.353282	98778.5
29.5508	-0.0246916	-0.350209	183258
105.154	-0.269267	-0.0952798	285.979
104.147	-0.258595	-0.0613619	75.7227
90.9241	-0.208045	-0.0702676	17.747
61.9686	-0.115682	-0.126069	29.7246
39.4486	-0.0305357	-0.340925	132855
30.5941	-0.0257426	-0.353506	173933
104.578	-0.25352	-0.0795412	17.9828
103.627	-0.279642	-0.054655	23.7222
89.2163	-0.188833	-0.0458802	17.3761
65.1284	-0.101458	-0.153962	48.7164
38.7325	-0.0322455	-0.34815	108195
32.7554	-0.0286855	-0.367472	150510
103.759	-0.259173	-0.0562917	18.6718
102.835	-0.291278	-0.0388351	18.3576
86.8442	-0.176095	-0.0177935	28.8751
67.8423	-0.103812	-0.171577	25.6475
41.3271	-0.0344692	-0.375439	112395
34.3262	-0.0328377	-0.388161	9679.92
105.388	-0.276871	-0.100144	85.5532
104.695	-0.255919	-0.0736821	28.4086
89.7911	-0.22296	-0.0441725	59.9599
64.7522	-0.106521	-0.166898	295.802
36.4197	-0.0283335	-0.326453	147887
29.5508	-0.0234541	-0.350168	196442
105.228	-0.265327	-0.0940305	122.467
104.675	-0.265691	-0.0766598	100.751
88.0522	-0.182293	-0.00758213	22.9172
67.8083	-0.11749	-0.206914	21.7773
34.5441	-0.0265161	-0.330906	162286
30.4803	-0.0240178	-0.353637	189312
104.743	-0.254246	-0.0789211	50.3678
104.181	-0.274134	-0.0681131	43.8908
85.8881	-0.158763	0.0373824	10.3969
70.1687	-0.109886	-0.248603	84.9849
36.1644	-0.0279758	-0.341687	143802
31.883	-0.0261418	-0.365551	169920
105.388	-0.276607	-0.0997912	22.518
105.192	-0.275753	-0.0863607	85.9729
86.4591	-0.143287	0.045426	24.0501
70.7682	-0.120072	-0.263624	655.994
31.5279	-0.0229937	-0.336178	197336
29.5508	-0.0216819	-0.350129	215490
105.243	-0.285521	-0.0927908	30.4681
105.075	-0.279799	-0.0868189	31.736
84.7822	-0.151238	0.108652	58.4206
72.789	-0.127892	-0.326949	35.4101
31.4655	-0.0231343	-0.34257	196610
30.1693	-0.0220043	-0.35213	210650
105.388	-0.270447	-0.097513	210.515
105.388	-0.285251	-0.093233	190.363
84.2179	-0.164522	0.154855	958.202
73.9609	-0.122397	-0.374429	404.719
29.5508	-0.0207432	-0.349333	227052
29.5508	-0.0204757	-0.347774	230952
105.759	-0.279252	-0.111116	46.6202
105.759	-0.279252	-0.111116	46.6204
88.8112	-0.243633	0.00343556	25.6695
68.3772	-0.130962	-0.209525	3121.41
28.7027	-0.0190022	-0.337675	250416
28.7027	-0.0190022	-0.337675	250815
105.975	-0.269996	-0.114325	16.1131
105.506	-0.264548	-0.107254	13.7714
90.7784	-0.220231	-0.0357533	80.2663
65.2614	-0.107371	-0.171018	31.4769
29.7565	-0.0204221	-0.323714	222154
29.1265	-0.020845	-0.334338	224888
105.629	-0.285449	-0.106091	27.5516
104.666	-0.273127	-0.0908122	39.8231
92.2081	-0.242722	-0.0649982	23.7519
62.2916	-0.10804	-0.137411	42.8956
33.5677	-0.0247852	-0.318754	166536
30.7259	-0.0252644	-0.342213	179474
104.541	-0.281514	-0.0854721	24.6045
103.36	-0.262216	-0.0632157	51.4948
93.0679	-0.222352	-0.0879264	10.375
60.9619	-0.100713	-0.101246	111.169
37.5178	-0.0299303	-0.347172	135041
33.147	-0.0307531	-0.362345	138752
102.715	-0.257941	-0.048925	20.4203
101.801	-0.257525	-0.0276576	35.6164
93.2594	-0.159989	-0.11074	3.97548
62.8687	-0.0975555	-0.0795162	584.661
39.3558	-0.0372765	-0.391465	108132
35.9026	-0.0370597	-0.393057	113860
100.584	-0.242745	0.00501938	15.9632
100.277	-0.249389	0.0101248	27.0853
92.3939	-0.210328	-0.137995	27.453
67.3812	-0.102156	-0.0847029	260.365
39.624	-0.042645	-0.427573	93114.5
38.4709	-0.0420557	-0.429034	97276.6
99.1255	-0.256373	0.0449685	104.403
99.1255	-0.256118	0.0450083	103.981
89.714	-0.230317	-0.146611	35.0684
72.4783	-0.113931	-0.0978019	287.886
40.3577	-0.0452261	-0.459403	86207.8
40.3577	-0.0451626	-0.459491	86290.1
106.36	-0.262969	-0.124125	53.4511
105.838	-0.264208	-0.113616	18.238
92.9402	-0.214011	-0.0657416	7.11031
62.0784	-0.0979331	-0.143108	38.2028
29.9276	-0.0214511	-0.312343	211976
27.3534	-0.018753	-0.322987	249702
106.374	-0.271794	-0.124068	21.3126
105.422	-0.280354	-0.10524	18.4733
94.4579	-0.225021	-0.0891567	29.6699
58.9486	-0.111527	-0.118008	32.4039
32.3025	-0.0241737	-0.304321	178842
28.0119	-0.0210696	-0.32017	217995
105.683	-0.271314	-0.11228	27.5905
104.445	-0.251255	-0.0844614	66.3004
95.3369	-0.241666	-0.106355	25.9768
57.1708	-0.0950108	-0.0909924	109.278
35.3723	-0.0275812	-0.320084	146045
30.3774	-0.026211	-0.330475	169681
104.199	-0.27238	-0.0866853	73.8519
103.1	-0.253279	-0.0537516	79.2265
95.5245	-0.230538	-0.120077	13.4101
58.3721	-0.0803005	-0.0724002	987.743
37.2027	-0.0357663	-0.355736	11645.5
33.4564	-0.0320758	-0.355491	131026
102.221	-0.23528	-0.0446715	16.7597
101.622	-0.257807	-0.0172305	81.9524
94.7505	-0.215168	-0.134893	7.62954
62.39	-0.093977	-0.074936	672.367
37.9004	-0.0384047	-0.392396	105335
36.4618	-0.0376595	-0.390485	102159
100.584	-0.247971	0.000619944	29.2025
100.277	-0.238438	0.0176231	9.89356
92.3939	-0.206066	-0.140753	51.6167
67.3812	-0.0990618	-0.0850281	512.665
39.624	-0.0446532	-0.430993	77462.1
38.4709	-0.042566	-0.42547	91287.2
106.77	-0.277546	-0.132585	89.46
105.574	-0.281037	-0.105342	16.3152
95.9297	-0.234859	-0.109138	57.1466
55.6953	-0.102821	-0.0964697	194.427
33.9192	-0.0251326	-0.295684	168054
26.4007	-0.0196845	-0.313103	237851
106.571	-0.271797	-0.129712	18.3678
105.142	-0.268654	-0.0940806	41.6459
96.6429	-0.219146	-0.121963	22.6421
53.8023	-0.103181	-0.0743555	127.441
35.9725	-0.0264161	-0.307561	155521
27.3178	-0.0219358	-0.313396	210767
105.648	-0.279876	-0.115148	24.3179
104.272	-0.268833	-0.0739898	25.5807
96.5591	-0.236783	-0.12631	10.7638
54.8051	-0.0909754	-0.0661039	35.4405
36.8205	-0.0315058	-0.330145	1243.12
30.1224	-0.0266371	-0.325932	166869
104.199	-0.262714	-0.0874367	22.4775
103.1	-0.258022	-0.0486039	41.9271
95.5245	-0.20344	-0.123631	13.6714
58.3721	-0.0931935	-0.0736024	163.278
37.2027	-0.0357466	-0.356023	16987.8
33.4564	-0.031891	-0.354432	128915
102.715	-0.282548	-0.0500556	14.9187
101.801	-0.284641	-0.0197457	25.5214
93.2594	-0.150687	-0.116324	5.26187
62.8687	-0.0974944	-0.0808842	2119.93
39.3558	-0.0355092	-0.393954	48400.9
35.9026	-0.0372149	-0.389813	110769
106.914	-0.271434	-0.135171	12.733
105.37	-0.261454	-0.0956906	53.5494
97.0682	-0.224581	-0.129221	32.2234
52.3076	-0.108338	-0.0641672	195.787
36.6621	-0.0248748	-0.30608	162242
26.0564	-0.0204919	-0.309576	232033
106.571	-0.27059	-0.129294	67.7343
105.142	-0.286289	-0.0901877	37.9262
96.6429	-0.209364	-0.125262	29.7356
53.8023	-0.0931084	-0.0764252	45.8253
35.9725	-0.0264744	-0.306044	154465
27.3178	-0.0222843	-0.313292	209864
105.683	-0.29054	-0.111812	16.2727
104.445	-0.260308	-0.0771601	25.0797
95.3369	-0.254713	-0.112315	15.7537
57.1708	-0.0927354	-0.0939825	219.033
35.3723	-0.0280832	-0.318725	111035
30.3774	-0.0266	-0.329747	167087
104.541	-0.259737	-0.0843143	14.4069
103.36	-0.279513	-0.0548928	128.253
93.0679	-0.212056	-0.0951197	6.71875
60.9619	-0.115476	-0.104324	321.365
37.5178	-0.0290742	-0.348231	14813.5
33.147	-0.0309539	-0.359421	135567
106.77	-0.271473	-0.131539	45.5902
105.574	-0.288644	-0.0985734	168.338
95.9297	-0.206426	-0.114883	30.0319
55.6953	-0.0978373	-0.100074	4606.35
33.9192	-0.0255123	-0.293113	168477
26.4007	-0.0204134	-0.312958	236374
106.374	-0.273446	-0.122523	43.7864
105.422	-0.288682	-0.0965192	59.1492
94.4579	-0.203245	-0.0965251	35.3424
58.9486	-0.106409	-0.122305	69.9478
32.3025	-0.0243404	-0.301709	174456
28.0119	-0.021918	-0.319817	214014
105.629	-0.273424	-0.103318	63.8518
104.666	-0.279258	-0.082144	39.4607
92.2081	-0.234246	-0.0730644	9.07606
62.2916	-0.0987601	-0.141842	19.0031
33.5677	-0.0260693	-0.318672	164292
30.7259	-0.0256308	-0.339556	174357
106.36	-0.267813	-0.122242	37.3204
105.838	-0.277488	-0.103526	16.3172
92.9402	-0.226117	-0.073999	12.8113
62.0784	-0.109732	-0.148109	93.577
29.9276	-0.0219854	-0.30929	208450
27.3534	-0.0201601	-0.322783	240157
105.975	-0.250462	-0.11037	12.99
105.506	-0.270754	-0.0983737	21.7573
90.7784	-0.203806	-0.0443339	45.9411
65.2614	-0.107158	-0.176238	248.722
29.7565	-0.0217488	-0.323018	214163
29.1265	-0.0214674	-0.331861	216440
105.759	-0.274878	-0.106536	49.5265
105.759	-0.284455	-0.102173	43.8623
88.8112	-0.178888	-0.00536394	318.088
68.3772	-0.125989	-0.215074	313.875
28.7027	-0.0196463	-0.33676	231924
28.7027	-0.0193151	-0.335267	235132
106.772	-0.275853	-0.134848	351.827
106.772	-0.275853	-0.134848	351.843
95.4104	-0.245208	-0.0902105	71.4719
58.8194	-0.0853476	-0.122103	12.7632
26.2577	-0.0176981	-0.3029	267960
26.2577	-0.0176981	-0.3029	268328
107.201	-0.280101	-0.14308	30.5921
106.564	-0.273795	-0.132872	38.7428
97.1696	-0.275113	-0.110248	19.387
55.4894	-0.0895569	-0.103734	229.589
26.6051	-0.0182608	-0.285499	253382
26.5485	-0.0196344	-0.293288	238195
106.837	-0.308635	-0.137967	15.3518
105.769	-0.280519	-0.118352	172.399
98.2777	-0.2323	-0.124878	20.5412
53.1561	-0.0798331	-0.0853797	669.535
29.6983	-0.021853	-0.281407	200312
28.1576	-0.0239224	-0.297804	190137
105.526	-0.287733	-0.117285	33.7374
104.502	-0.268215	-0.0925576	57.8944
98.7605	-0.243639	-0.136332	148.798
53.4675	-0.0762198	-0.0682905	34.3502
32.7276	-0.0276357	-0.307946	153466
30.6969	-0.0292711	-0.317861	150503
103.413	-0.26749	-0.0722412	18.3588
102.968	-0.258659	-0.0584436	50.886
98.4595	-0.201603	-0.154548	10.1156
57.0311	-0.0804516	-0.0664626	166.147
34.4814	-0.0343148	-0.347208	122875
33.6275	-0.03465	-0.351061	123522
101.45	-0.265265	-0.0176485	30.8811
101.45	-0.265414	-0.0176125	30.8887
96.5523	-0.246603	-0.171309	9.3846
62.2215	-0.0777216	-0.0758874	22.0055
36.3905	-0.0390974	-0.389534	105365
36.3905	-0.0390626	-0.389595	105448
107.748	-0.254231	-0.155112	40.5778
107.015	-0.286415	-0.142099	68.6462
99.0529	-0.260246	-0.128639	62.0254
51.9421	-0.0768382	-0.0884512	157.02
26.8374	-0.0196329	-0.26739	233250
23.8333	-0.0164359	-0.279163	295985
107.782	-0.262275	-0.156987	77.9312
106.652	-0.282305	-0.13515	43.4719
100.196	-0.270114	-0.142364	33.4035
49.242	-0.0755614	-0.0734386	112.658
28.7084	-0.0216764	-0.260387	203041
24.3534	-0.0183779	-0.273218	261254
106.932	-0.281782	-0.14566	48.5768
105.727	-0.285959	-0.115656	17.2668
100.633	-0.273019	-0.150441	16.5602
48.9754	-0.0784434	-0.0602632	6518.3
30.8824	-0.0262143	-0.277556	23352.1
26.9574	-0.0226868	-0.282432	179402
105.251	-0.279821	-0.117589	51.9922
104.432	-0.249776	-0.0859894	36.0593
100.237	-0.270753	-0.15632	14.5325
52.0226	-0.0768406	-0.0592619	311.163
32.358	-0.0304736	-0.309607	141742
30.3912	-0.0290621	-0.309642	149836
103.413	-0.261053	-0.074914	76.9511
102.968	-0.267911	-0.0505887	27.5239
98.4595	-0.179039	-0.159174	10.3911
57.0311	-0.07765	-0.0671574	121.142
34.4814	-0.0347627	-0.349902	122233
33.6275	-0.0341994	-0.347957	121901
108.276	-0.273217	-0.165599	31.1416
106.861	-0.289783	-0.136783	26.6993
101.216	-0.230646	-0.155661	26.1029
46.3605	-0.0697011	-0.0599146	38705.8
29.7486	-0.0211432	-0.249724	155903
22.4217	-0.0164667	-0.266466	306786
107.989	-0.265864	-0.162011	38.4629
106.52	-0.279913	-0.127666	26.4772
101.385	-0.275158	-0.160258	8.70793
46.1141	-0.0750732	-0.0541697	1638.72
30.6063	-0.0227696	-0.257301	188199
23.5573	-0.0186116	-0.26717	265260
106.932	-0.272004	-0.145703	35.2984
105.727	-0.286279	-0.11027	17.4188
100.633	-0.257713	-0.154932	40.3281
48.9754	-0.0749586	-0.0617592	17734
30.8824	-0.0314686	-0.276778	742.958
26.9574	-0.0235629	-0.282088	196132
105.526	-0.279738	-0.116828	27.6346
104.502	-0.252318	-0.0842684	24.5386
98.7605	-0.208274	-0.143631	18.5719
53.4675	-0.0706043	-0.0702894	24.6415
32.7276	-0.0286622	-0.309433	149585
30.6969	-0.0289155	-0.315069	148338
108.276	-0.299212	-0.165154	18.074
106.861	-0.273499	-0.132248	13.857
101.216	-0.249897	-0.159783	11.9737
46.3605	-0.0682769	-0.0618558	31460.3
29.7486	-0.0212812	-0.248237	139566
22.4217	-0.0168548	-0.266332	306353
107.782	-0.276413	-0.156152	15.2844
106.652	-0.275286	-0.127245	51.859
100.196	-0.282319	-0.149406	28.8843
49.242	-0.0742144	-0.0765046	34.6605
28.7084	-0.0220463	-0.258288	204582
24.3534	-0.0190353	-0.272942	260126
106.837	-0.280036	-0.135744	11.6582
105.769	-0.305497	-0.109759	21.385
98.2777	-0.21453	-0.133356	8.21619
53.1561	-0.0736404	-0.0888108	212.129
29.6983	-0.0230371	-0.28158	196722
28.1576	-0.0228756	-0.295265	59945.2
107.748	-0.246839	-0.153761	27.7483
107.015	-0.273731	-0.132421	20.771
99.0529	-0.251039	-0.137079	35.0936
51.9421	-0.0801389	-0.0924052	365.497
26.8374	-0.0199954	-0.264739	234773
23.8333	-0.0173444	-0.278855	293262
107.201	-0.261253	-0.139607	17.4327
106.564	-0.268779	-0.124045	17.0097
97.1696	-0.253006	-0.119323	13.0154
55.4894	-0.0893937	-0.108091	175.398
26.6051	-0.0199452	-0.284871	242222
26.5485	-0.0202004	-0.290949	236354
106.772	-0.244483	-0.130528	41.9801
106.772	-0.242355	-0.12594	34.2693
95.4104	-0.157861	-0.0994818	25.7827
58.8194	-0.0762638	-0.126935	52.8865
26.2577	-0.018792	-0.30196	260443
26.2577	-0.0184859	-0.30065	263053
108.174	-0.280349	-0.166345	79.7068
108.174	-0.280348	-0.166345	79.703
101.237	-0.260759	-0.145266	285.904
48.1041	-0.0673769	-0.0762928	28192.8
22.4704	-0.015555	-0.252518	315266
22.4704	-0.015555	-0.252518	315595
108.634	-0.282701	-0.17569	134.847
107.988	-0.287049	-0.165115	100.579
102.627	-0.278952	-0.158285	36.0955
44.8706	-0.0682386	-0.0651305	11165.3
22.7221	-0.0174906	-0.238885	273894
22.346	-0.0155462	-0.235242	315421
108.098	-0.27588	-0.170099	263.809
107.217	-0.278061	-0.151499	21.6978
103.34	-0.281254	-0.166001	49.3826
43.6522	-0.0602043	-0.0546074	3376.62
25.0451	-0.0193187	-0.235383	239609
24.5201	-0.0215078	-0.24367	215731
106.494	-0.259884	-0.143859	47.021
105.977	-0.264263	-0.126781	170.057
103.38	-0.258043	-0.173946	63.1659
45.9257	-0.0652525	-0.0500035	26147.4
27.8304	-0.0254336	-0.263179	176360
27.3635	-0.0263554	-0.267523	171073
104.468	-0.261731	-0.0900061	29.4149
104.468	-0.26896	-0.0899833	51.3915
102.154	-0.314123	-0.194488	23.5877
51.0157	-0.068091	-0.0564344	16426.1
30.604	-0.0307863	-0.304469	141704
30.604	-0.0307702	-0.304503	141783
109.239	-0.278437	-0.187421	41.3916
108.449	-0.279836	-0.174471	26.3591
104.115	-0.297756	-0.171903	29.0673
41.1494	-0.0580194	-0.0550594	55214
22.5529	-0.0169303	-0.211985	278850
19.342	-0.0134323	-0.225744	392344
109.158	-0.285928	-0.188137	28.6589
108.1	-0.305471	-0.167377	37.4711
104.815	-0.270926	-0.180281	65.2605
39.3774	-0.0543874	-0.0464146	50438.1
23.9984	-0.0187727	-0.208606	244657
20.0323	-0.015312	-0.220294	335906
108.102	-0.271617	-0.174507	21.9237
107.229	-0.267118	-0.147691	27.2557
104.699	-0.278474	-0.182735	16.0043
41.1212	-0.0448086	-0.0446165	60.11
25.6626	-0.022239	-0.228881	204348
23.2726	-0.0205047	-0.232671	233747
106.494	-0.272962	-0.144746	32.8439
105.977	-0.283252	-0.118627	14.7005
103.38	-0.263317	-0.180686	107.064
45.9257	-0.0515453	-0.0509512	100.453
27.8304	-0.0260526	-0.26506	174544
27.3635	-0.0261164	-0.264984	172509
109.611	-0.274789	-0.194337	298.861
108.349	-0.294202	-0.168921	86.1418
105.286	-0.250817	-0.188723	46.9524
37.5756	-0.0521807	-0.041759	71161.3
24.0503	-0.0178762	-0.197594	254801
18.1325	-0.0130739	-0.216403	425730
109.158	-0.29037	-0.187865	23.1006
108.1	-0.30734	-0.161388	22.1713
104.815	-0.249271	-0.1858	11.2146
39.3774	-0.0550464	-0.0480166	7256.29
23.9984	-0.0189322	-0.207404	246407
20.0323	-0.0156422	-0.220134	335190
108.098	-0.279212	-0.168533	34.5675
107.217	-0.253953	-0.142945	28.2713
103.34	-0.249748	-0.174735	9.88426
43.6522	-0.0630148	-0.0569184	50328.1
25.0451	-0.0198369	-0.235935	230910
24.5201	-0.0215494	-0.241389	218932
109.239	-0.282412	-0.186646	8.98722
108.449	-0.280712	-0.165496	37.2195
104.115	-0.282919	-0.180192	27.189
41.1494	-0.0555832	-0.0578561	100.845
22.5529	-0.0171175	-0.209958	282777
19.342	-0.0140954	-0.225416	389667
108.634	-0.27423	-0.172755	35.1402
107.988	-0.286889	-0.156393	51.1743
102.627	-0.205128	-0.167764	7.73689
44.8706	-0.067239	-0.0684805	30013.2
22.7221	-0.0177674	-0.236792	277272
22.346	-0.0164099	-0.234767	310293
108.174	-0.274157	-0.162452	15.6668
108.174	-0.284158	-0.157586	13.9881
101.237	-0.239627	-0.15523	362.992
48.1041	-0.0667526	-0.0802221	26287.8
22.4704	-0.0163812	-0.251586	312982
22.4704	-0.0160387	-0.250528	315210
109.656	-0.270205	-0.198069	120.402
109.656	-0.270205	-0.198069	120.4
105.917	-0.302558	-0.184453	58.2367
36.6665	-0.0486478	-0.0469451	79821
17.6601	-0.0125868	-0.19328	416417
17.6601	-0.0125868	-0.19328	416731
109.98	-0.299164	-0.205404	54.9386
109.465	-0.284878	-0.196535	25.6789
106.894	-0.319767	-0.192882	81.0058
33.8004	-0.0450809	-0.0399366	86366
18.0188	-0.0145085	-0.178532	345827
17.4065	-0.0125073	-0.178504	422458
109.16	-0.282971	-0.195873	40.4061
108.698	-0.295362	-0.182878	42.1104
107.184	-0.313456	-0.196356	27.3546
34.3319	-0.0441409	-0.0355471	86522.6
20.2811	-0.0182969	-0.188809	263860
20.2808	-0.0170964	-0.186	285942
107.468	-0.277593	-0.154408	67.442
107.468	-0.277375	-0.15439	66.5476
106.506	-0.329188	-0.214468	16.0217
39.0064	-0.0438417	-0.039523	219.648
23.6709	-0.0224918	-0.220209	208739
23.6709	-0.0224858	-0.220224	208818
110.544	-0.277767	-0.214871	73.9209
109.853	-0.284073	-0.203671	95.9126
107.936	-0.278301	-0.203262	8.9831
30.1263	-0.0391081	-0.033111	105494
17.4084	-0.0135765	-0.153019	364788
14.2904	-0.00992014	-0.168279	595022
110.259	-0.269829	-0.212363	29.9382
109.527	-0.299153	-0.194499	26.8849
108.102	-0.287655	-0.208032	23.5838
30.0802	-0.0353619	-0.0312423	9617.27
18.4663	-0.0151989	-0.156746	321277
15.7555	-0.0124084	-0.166417	441674
109.16	-0.284023	-0.195239	27.9979
108.698	-0.28704	-0.174456	101.441
107.184	-0.295756	-0.204867	19.526
34.3319	-0.0442554	-0.0366729	80216.5
20.2811	-0.0181481	-0.186886	269395
20.2808	-0.0175959	-0.187032	281729
110.544	-0.256282	-0.214513	176.793
109.853	-0.273538	-0.196365	28.0562
107.936	-0.285004	-0.210312	8.90884
30.1263	-0.0366981	-0.03461	74042.4
17.4084	-0.0135993	-0.151858	368940
14.2904	-0.0102233	-0.168052	588538
109.98	-0.282011	-0.202984	66.1854
109.465	-0.261242	-0.187874	21.1231
106.894	-0.30464	-0.20279	38.7644
33.8004	-0.0458	-0.0422329	85139.7
18.0188	-0.0145923	-0.176801	352284
17.4065	-0.0140915	-0.178321	57625.6
109.656	-0.301492	-0.189452	8.27679
109.656	-0.296209	-0.194628	9.92671
105.917	-0.282874	-0.19497	53.901
36.6665	-0.0512811	-0.0499113	64018.9
17.6601	-0.0131855	-0.192443	414514
17.6601	-0.0128525	-0.191664	416698
110.931	-0.290793	-0.224319	207.082
110.931	-0.290793	-0.224319	207.036
109.324	-0.316604	-0.212118	248.068
24.7209	-0.031128	-0.0267497	139067
12.1375	-0.00888972	-0.12996	648325
12.1375	-0.00888971	-0.12996	648647
110.994	-0.297713	-0.227293	22.67
110.717	-0.285832	-0.221659	284.538
109.867	-0.29589	-0.216563	32.7603
22.7251	-0.0283173	-0.0228877	161082
12.8855	-0.0109159	-0.118713	489232
12.3876	-0.00960198	-0.119528	583681
109.932	-0.277341	-0.20302	15.1233
109.932	-0.277459	-0.203012	15.1126
109.608	-0.299412	-0.229857	5.24169
26.3671	-0.032928	-0.0249022	129196
16.0702	-0.0144829	-0.141924	353357
16.0702	-0.0144816	-0.141928	353411
111.439	-0.283812	-0.23354	11.3544
111.017	-0.296828	-0.223295	14.5415
110.384	-0.285901	-0.225854	54.461
19.6855	-0.0243284	-0.0194764	187408
11.6724	-0.00954351	-0.0976254	557988
9.29941	-0.00641405	-0.11133	1.047e+06
110.994	-0.287533	-0.225533	39.4111
110.717	-0.293607	-0.213148	104.942
109.867	-0.275924	-0.226426	248.425
22.7251	-0.0284575	-0.024078	160516
12.8855	-0.0108195	-0.117444	498304
12.3876	-0.00990687	-0.119751	571282
110.931	-0.298213	-0.215747	64.5863
110.931	-0.290936	-0.221176	78.1498
109.324	-0.296193	-0.223064	67.8971
24.7209	-0.0317383	-0.0287278	139575
12.1375	-0.00919776	-0.129324	640230
12.1375	-0.00896454	-0.128819	644188
111.785	-0.280755	-0.241311	347.363
111.785	-0.280755	-0.241311	347.367
111.391	-0.295699	-0.228823	160.908
12.443	-0.0152985	-0.0120448	338313
6.17351	-0.00462072	-0.0651666	1.4053e+06
6.17351	-0.00462072	-0.0651666	1.40524e+06
111.532	-0.266471	-0.232856	34.2458
111.532	-0.266456	-0.232854	34.2745
111.466	-0.26841	-0.239561	31.2259
13.2941	-0.0162215	-0.0119935	318633
8.11197	-0.00708707	-0.0693447	803911
8.11197	-0.00708696	-0.0693453	803907
111.785	-0.292094	-0.238416	14.4675
111.785	-0.297692	-0.232817	14.622
111.391	-0.277686	-0.24004	74.3528
12.443	-0.0153141	-0.0130335	334666
6.17351	-0.00472136	-0.0648229	1.36095e+06
6.17351	-0.00459396	-0.0645758	1.37074e+06
112.084	-0.32265	-0.242975	10.7827
112.084	-0.321391	-0.242973	10.5671
112.084	-0.32073	-0.242971	10.4544
0	0	0	0
0	0	0	0
0	0	0	0
