720 Out of 16464 Velocities in m/s for a 14x14x14 Si Lattice.
      0.0000      0.0574      0.0574      0.2220      0.1646      0.1646     -3.3253     -3.3253     -3.3253      4.3816      4.3816      4.3816     -2.2816     -1.7112     -2.2816      0.0000     -0.5704     -0.0000
    -32.4267   -430.7350    -32.5180    168.3421   -411.4867    168.1962  -1501.1060  -1803.2456  -1499.2349   2034.5965   1459.0722   2031.7714   -826.4829   2742.9004   -824.5338   -301.2517    864.0515   -301.2565
     23.6828   -825.8881     23.5150    312.6714   -765.7911    312.5887  -2029.7327  -2721.4206  -2029.2665   2779.5857   2170.4893   2778.5010  -1068.5249   4359.9803  -1067.5071   -536.4070   1531.8917   -536.2378
    196.6752  -1129.1235    196.4638    408.9842  -1004.0869    409.0059  -2049.7601  -3185.2762  -2049.9132   2296.5530   2826.9714   2296.6959   -422.4459   4577.8098   -422.5855   -663.7588   1884.0029   -663.3621
    431.2147  -1247.4840    431.0701    433.7495  -1067.9396    433.9170  -1849.2531  -3561.8201  -1849.7873    780.7116   4009.8497    781.3564   1017.0464   3455.7997   1016.3416   -666.3887   1878.4961   -665.7677
    575.2725  -1060.8526    575.3770    369.0015   -911.4358    369.3538  -1445.0536  -4064.2535  -1445.9779   -368.4089   5050.9518   -368.5049   1792.5435   1996.8516   1792.5589   -542.3921   1519.2236   -541.5915
    424.5984   -568.5456    425.0704    213.9966   -530.8212    214.5406   -771.2096  -4711.7041   -772.4900   -492.8675   5379.8623   -493.6859   1248.8130    910.4509   1249.5164   -306.4060    854.0217   -305.4928
     -0.6363     -1.0124      0.6363     -0.6363     -1.0124      0.6363      1.2520  -5219.7529     -1.2520      1.2520   5221.0166     -1.2520     -0.9510      1.6088      0.9510     -0.9510      1.6088      0.9510
   -406.8463   -406.9365     -0.0000   -302.5530   -302.7282    228.4225  -2504.8672  -2504.1692  -2088.6132   2712.2825   2710.6249   3225.7393   1610.4280   1611.3954  -2275.0765    869.3004    870.2664      0.0000
   -368.4999   -777.5966     38.5337    -76.6245   -752.7908    305.5938  -2620.8245  -2978.7038  -2062.3984   3119.7525   2978.3859   3563.7156   1234.8552   3289.1878  -2695.6697     90.8330   2093.3554    -97.5765
   -148.9656  -1150.3377    152.1997    118.4095  -1067.3005    332.5947  -2541.9933  -3248.4860  -1794.1797   2721.5514   3356.6642   3039.2788   1083.4219   4073.7116  -1899.3293   -171.9662   2641.6838   -448.4764
    198.9106  -1404.7864    290.7030    281.4399  -1231.1085    279.4134  -2397.6766  -3479.6765  -1380.8028   1411.0395   4231.9437   1527.2909   1567.8826   3577.6744    -84.2401    -55.6260   2749.8180   -831.0672
    550.9062  -1424.4499    311.4400    386.7388  -1193.5429    141.0429  -2157.9743  -3801.2651   -791.8448     36.3863   5176.4196    186.6989   1912.1762   2448.6309   1237.9156    233.6673   2496.3950  -1028.3694
    650.1007  -1119.0342     -0.0000    399.5175   -934.0283     -0.0000  -1640.5748  -4274.1283     -0.0000   -539.6005   5526.5808     -0.0000   1387.1035   1485.2159     -0.0000    467.1966   1927.7738      0.0000
    424.5984   -567.5559    425.5425    213.9966   -529.8948    215.0847   -771.2096  -4712.2968   -773.7705   -492.8675   5379.2492   -494.5043   1248.8130    908.8401   1250.2198   -306.4060    852.5092   -304.5796
   -733.0689   -733.2741     -0.0000   -539.2743   -539.4375    341.2659  -2946.8083  -2946.8700  -1755.9083   3292.5189   3291.9185   3786.5071   2679.8532   2680.0851  -3384.1184   1567.1616   1568.1673      0.0000
   -532.5194  -1100.4027     41.1757   -270.8537   -928.5778    292.3600  -2834.2306  -3156.4273  -1294.5423   3010.5508   3598.9078   3198.6162   2627.7465   3269.4190  -2886.4968    549.9896   2929.7031    -46.3709
   -166.9407  -1406.7019     89.0431     -7.4811  -1184.1072    162.7979  -2705.9285  -3331.5073   -712.4023   2001.0800   4267.5490   1516.4830   2852.3451   3005.1933  -1161.0507    -30.8274   3632.8515   -160.7532
    260.0123  -1546.5352      0.0000    224.9334  -1278.5032     -0.0000  -2527.8739  -3535.3337      0.0000    815.1586   4941.5285      0.0000   2760.7771   2430.4693     -0.0000    -54.9119   3580.3090     -0.0000
    550.9062  -1424.4499   -311.4400    386.7388  -1193.5429   -141.0429  -2157.9743  -3801.2651    791.8448     36.3863   5176.4196   -186.6989   1912.1762   2448.6309  -1237.9156    233.6673   2496.3950   1028.3694
    575.2725  -1060.0688    575.4815    369.0015   -910.7191    369.7062  -1445.0536  -4064.6436  -1446.9022   -368.4089   5050.4647   -368.6009   1792.5435   1995.2179   1792.5744   -542.3921   1517.9557   -540.7908
   -914.0804   -914.3778      0.0000   -658.1957   -658.3607    182.3780  -3026.1741  -3026.3311   -680.9954   3388.9319   3388.9021   2251.2153   3200.3652   3199.8864  -2168.7480   1954.4355   1955.4730      0.0000
   -576.5027  -1231.9149      0.0000   -338.2290   -974.7838     -0.0000  -2887.1071  -3180.2271     -0.0000   2700.3583   3942.0616      0.0000   3322.1311   3073.7101     -0.0000    717.0697   3214.8863     -0.0000
   -166.9407  -1406.7019    -89.0431     -7.4811  -1184.1072   -162.7979  -2705.9285  -3331.5073    712.4023   2001.0800   4267.5490  -1516.4830   2852.3451   3005.1933   1161.0507    -30.8274   3632.8515    160.7532
    198.9106  -1404.7864   -290.7030    281.4399  -1231.1085   -279.4134  -2397.6766  -3479.6765   1380.8028   1411.0395   4231.9437  -1527.2909   1567.8826   3577.6744     84.2401    -55.6260   2749.8180    831.0672
    431.2147  -1247.0645    430.9255    433.7495  -1067.4641    434.0845  -1849.2531  -3561.8483  -1850.3215    780.7116   4009.3628    782.0011   1017.0464   3454.3518   1015.6368   -666.3887   1877.5387   -665.1467
   -914.0804   -914.3778      0.0000   -658.1957   -658.3607   -182.3780  -3026.1741  -3026.3311    680.9954   3388.9319   3388.9021  -2251.2153   3200.3652   3199.8864   2168.7480   1954.4355   1955.4730     -0.0000
   -532.5194  -1100.4027    -41.1757   -270.8537   -928.5778   -292.3600  -2834.2306  -3156.4273   1294.5423   3010.5508   3598.9078  -3198.6162   2627.7465   3269.4190   2886.4968    549.9896   2929.7031     46.3709
   -148.9656  -1150.3377   -152.1997    118.4095  -1067.3005   -332.5947  -2541.9933  -3248.4860   1794.1797   2721.5514   3356.6642  -3039.2788   1083.4219   4073.7116   1899.3293   -171.9662   2641.6838    448.4764
    196.6752  -1129.0099    196.2524    408.9842  -1003.8194    409.0276  -2049.7601  -3184.9127  -2050.0662   2296.5530   2825.8329   2296.8389   -422.4459   4577.2668   -422.7250   -663.7588   1883.3676   -662.9653
   -733.0689   -733.2741      0.0000   -539.2743   -539.4375   -341.2659  -2946.8083  -2946.8700   1755.9083   3292.5189   3291.9185  -3786.5071   2679.8532   2680.0851   3384.1184   1567.1616   1568.1673      0.0000
   -368.4999   -777.5966    -38.5337    -76.6245   -752.7908   -305.5938  -2620.8245  -2978.7038   2062.3984   3119.7525   2978.3859  -3563.7156   1234.8552   3289.1878   2695.6697     90.8330   2093.3554     97.5765
     23.6828   -825.9703     23.3473    312.6714   -765.6736    312.5060  -2029.7327  -2720.4859  -2028.8002   2779.5857   2168.5478   2777.4164  -1068.5249   4360.5029  -1066.4893   -536.4070   1531.5602   -536.0686
   -406.8463   -406.9365     -0.0000   -302.5530   -302.7282   -228.4225  -2504.8672  -2504.1692   2088.6132   2712.2825   2710.6249  -3225.7393   1610.4280   1611.3954   2275.0765    869.3004    870.2664      0.0000
    -32.4267   -430.9234    -32.6092    168.3421   -411.4577    168.0502  -1501.1060  -1801.1153  -1497.3638   2034.5965   1455.8886   2028.9463   -826.4829   2744.5485   -822.5847   -301.2517    863.9577   -301.2614
      0.0000     -0.0574     -0.0574      0.2220     -0.1646     -0.1646     -3.3253      3.3253      3.3253      4.3816     -4.3816     -4.3816     -2.2816      1.7112      2.2816     -0.0000      0.5704      0.0000
   -292.0837   -292.0837   -292.0837   -291.8818   -291.8818   -291.8818  -2670.3288  -2670.3288  -2670.3288   3468.3335   3468.3335   3468.3335    675.9448    675.9448    675.9448    678.1887    678.1887    678.1887
   -300.7315   -634.6650   -300.7315    -66.3564   -809.8137    -66.3564  -2528.6844  -2992.5595  -2528.6844   3733.8927   3562.8193   3733.8927    -96.9243   3191.1644    -96.9243    240.3647   1754.4845    240.3647
   -119.1848  -1081.2477   -119.1848     81.5375  -1168.4919     81.5375  -2292.7256  -3193.9953  -2292.7256   3393.1751   3805.7382   3393.1751   -321.5453   4636.0635   -321.5453    -53.6976   2414.7170    -53.6976
    169.6440  -1454.3676    169.6440    182.0839  -1420.1647    182.0839  -2015.4695  -3357.6411  -2015.4695   2175.2449   4512.6158   2175.2449    402.0169   4553.8189    402.0169   -244.8344   2746.5880   -244.8344
    453.5738  -1638.3646    453.5738    211.5608  -1507.6099    211.5608  -1653.3923  -3587.6961  -1653.3923    610.9128   5509.7095    610.9128   1324.8716   3503.9396   1324.8716   -301.7134   2722.0322   -301.7134
    459.0085  -1467.8457    459.0085    151.5412  -1383.6226    151.5412  -1012.4751  -4020.7162  -1012.4751    -91.1278   5993.5340    -91.1278   1119.6909   2504.6466   1119.6909   -216.0553   2356.0371   -216.0553
      0.0000  -1037.2121      0.8256     -0.0000  -1037.2121      0.4867      0.0000  -4505.6140     -1.8247      0.0000   5892.9209     -0.6142      0.0000   1696.7258      1.2825     -0.0000   1696.7258      0.6008
   -586.2946   -586.2946   -315.2513   -614.5991   -614.5991     78.7017  -2826.0630  -2826.0630  -2226.5096   3828.5066   3828.5066   4006.5045   2358.0711   2358.0711  -1827.8846   1400.3811   1400.3811    722.4599
   -441.0498   -984.1230   -180.1645   -331.8033  -1063.1059    149.4892  -2625.3423  -3023.7882  -1848.2932   3623.4826   4053.1471   3738.1465   2229.2951   3624.6109  -2285.0117    253.5839   2935.3961    612.9975
    -97.3914  -1401.5487     23.9307    -98.9589  -1383.7242    162.1204  -2437.4700  -3174.8341  -1406.5640   2686.4399   4652.8292   2571.1746   2185.3125   4047.6388  -1416.8954   -192.9888   3546.2214    282.4310
    341.2262  -1704.3060    163.3258     87.0290  -1566.3683    105.6712  -2245.0207  -3343.9855   -835.1475   1231.6972   5554.5231    847.1315   2281.5465   3502.0671     52.7990   -138.9346   3601.3214   -108.6241
    649.5207  -1741.8061     -0.0000    192.2399  -1573.9724     -0.0000  -1881.8959  -3631.6103      0.0000    241.1973   6055.5453     -0.0000   1753.0955   2861.1426      0.0000     62.2544   3220.8008      0.0000
    459.0085  -1467.8457    459.5511    151.5412  -1383.6226    151.8704  -1012.4751  -4020.7162  -1014.0816    -91.1278   5993.5340    -91.2405   1119.6909   2504.6466   1120.6103   -216.0553   2356.0371   -215.4285
   -819.6032   -819.6032   -172.4895   -775.3920   -775.3920    198.0558  -2846.5858  -2846.5858  -1320.8850   3925.6959   3925.6959   3450.6951   3339.0811   3339.0811  -2621.8815   1998.0786   1998.0786    408.1593
   -486.5079  -1228.1309    -59.0679   -456.8605  -1143.2080    130.3520  -2691.3174  -3009.7240   -716.4828   3215.8910   4494.4204   2030.6536   3348.7090   3672.9858  -1623.4006    737.6803   3429.4081    215.3263
    -45.9544  -1558.0249      0.0000   -156.3395  -1417.4296      0.0000  -2528.0450  -3158.8402     -0.0000   2119.4867   5205.1662      0.0000   3193.5363   3463.7475      0.0000    -18.4170   4020.2380     -0.0000
    341.2262  -1704.3060   -163.3258     87.0290  -1566.3683   -105.6712  -2245.0207  -3343.9855    835.1475   1231.6972   5554.5231   -847.1315   2281.5465   3502.0671    -52.7990   -138.9346   3601.3214    108.6241
    453.5738  -1638.3646    453.5805    211.5608  -1507.6099    211.7168  -1653.3923  -3587.6961  -1654.4448    610.9128   5509.7095    611.5701   1324.8716   3503.9396   1325.2447   -301.7134   2722.0322   -301.3677
   -901.3239   -901.3239      0.0000   -815.3113   -815.3113     -0.0000  -2861.9269  -2861.9269      0.0000   3909.8066   3909.8066      0.0000   3679.3606   3679.3606     -0.0000   2217.7238   2217.7238     -0.0000
   -486.5079  -1228.1309     59.0679   -456.8605  -1143.2080   -130.3520  -2691.3174  -3009.7240    716.4828   3215.8910   4494.4204  -2030.6536   3348.7090   3672.9858   1623.4006    737.6803   3429.4081   -215.3263
    -97.3914  -1401.5487    -23.9307    -98.9589  -1383.7242   -162.1204  -2437.4700  -3174.8341   1406.5640   2686.4399   4652.8292  -2571.1746   2185.3125   4047.6388   1416.8954   -192.9888   3546.2214   -282.4310
    169.6440  -1454.3676    169.4477    182.0839  -1420.1647    182.0855  -2015.4695  -3357.6411  -2016.2230   2175.2449   4512.6158   2176.1228    402.0169   4553.8189    402.5392   -244.8344   2746.5880   -244.8972
   -819.6032   -819.6032    172.4895   -775.3920   -775.3920   -198.0558  -2846.5858  -2846.5858   1320.8850   3925.6959   3925.6959  -3450.6951   3339.0811   3339.0811   2621.8815   1998.0786   1998.0786   -408.1593
   -441.0498   -984.1230    180.1645   -331.8033  -1063.1059   -149.4892  -2625.3423  -3023.7882   1848.2932   3623.4826   4053.1471  -3738.1465   2229.2951   3624.6109   2285.0117    253.5839   2935.3961   -612.9975
   -119.1848  -1081.2477   -119.3887     81.5375  -1168.4919     81.4144  -2292.7256  -3193.9953  -2293.2998   3393.1751   3805.7382   3393.3602   -321.5453   4636.0635   -319.5278    -53.6976   2414.7170    -54.4325
   -586.2946   -586.2946    315.2513   -614.5991   -614.5991    -78.7017  -2826.0630  -2826.0630   2226.5096   3828.5066   3828.5066  -4006.5045   2358.0711   2358.0711   1827.8846   1400.3811   1400.3811   -722.4599
   -300.7315   -634.6650   -300.8355    -66.3564   -809.8137    -66.5876  -2528.6844  -2992.5595  -2529.0832   3733.8927   3562.8193   3733.4706    -96.9243   3191.1644    -91.7285    240.3647   1754.4845    237.2669
   -292.0837    401.4674   -182.7001   -291.8818    182.2045   -401.5591  -2670.3288   2670.2518  -2670.4059   3468.3335  -3469.2528   3467.4142    675.9448   -470.5696    881.3199    678.1887   -881.1910    475.1864
   -507.3606   -507.3606   -507.3606   -507.2080   -507.2080   -507.2080  -2549.2131  -2549.2131  -2549.2131   4135.0556   4135.0556   4135.0556   1276.2084   1276.2084   1276.2084   1278.3528   1278.3528   1278.3528
   -439.7489   -790.5183   -439.7489   -235.3992  -1092.2519   -235.3992  -2242.9559  -2763.7197  -2242.9559   4037.4989   4361.4712   4037.4989    490.5990   3579.8595    490.5990    684.9607   2572.2051    684.9607
   -136.8459  -1275.0240   -136.8459    -81.6580  -1443.1868    -81.6580  -1940.8339  -2915.3914  -1940.8339   3236.7307   4904.7309   3236.7307    255.5723   4761.1145    255.5723    306.7330   3223.6036    306.7330
    232.6210  -1687.4432    232.6210     24.1458  -1695.5790     24.1458  -1619.5405  -3059.2228  -1619.5405   1671.1220   5841.3480   1671.1220    815.7275   4421.5189    815.7275     42.2581   3507.6964     42.2581
    454.9397  -1867.1160    454.9397     57.6758  -1794.8455     57.6758  -1126.4333  -3319.8928  -1126.4333    397.8903   6511.1506    397.8903    898.9437   3638.1403    898.9437    -62.9930   3428.6155    -62.9930
      0.0000  -1695.4298      1.2402     -0.0000  -1695.4298      0.2033      0.0000  -3764.8523     -2.3857     -0.0000   6505.0683      0.1492     -0.0000   3026.2330      1.6933      0.0000   3026.2330      0.1351
   -668.8684   -668.8684   -467.2693   -824.8229   -824.8229     10.2725  -2500.7311  -2500.7311  -1814.2155   4353.3877   4353.3877   4039.2809   2978.3883   2978.3883  -1428.6591   1854.3544   1854.3544   1214.1769
   -392.1512  -1101.3202   -247.7519   -514.4447  -1246.3386     84.6312  -2279.2881  -2677.2994  -1357.5061   3785.5564   4901.2907   3268.5609   2862.2211   3944.8197  -1728.1613    434.6744   3566.9174    943.9609
     54.7721  -1544.5383    -11.7017   -253.4366  -1557.7841     80.2789  -2097.2842  -2823.9404   -805.8583   2516.3793   5784.1901   1516.6869   2654.5263   4069.0703   -755.0095   -196.4275   4169.9004    508.8349
    504.8707  -1845.0670      0.0000    -49.2374  -1755.5978     -0.0000  -1864.2433  -3009.4332      0.0000   1191.3766   6463.5107     -0.0000   2029.7172   3769.8321      0.0000   -216.6330   4053.0975      0.0000
    454.9397  -1867.1160    455.4073     57.6758  -1794.8455     57.7336  -1126.4333  -3319.8928  -1128.0697    397.8903   6511.1506    398.6220    898.9437   3638.1403    900.4643    -62.9930   3428.6155    -63.0632
   -804.6554   -804.6554   -163.8634   -912.5351   -912.5351    108.3291  -2495.2502  -2495.2502   -722.1673   4450.0734   4450.0734   2226.4537   3749.8714   3749.8714  -1487.4024   2335.5450   2335.5450    450.5249
   -375.3034  -1232.0440      0.0000   -567.6354  -1263.3639     -0.0000  -2332.1788  -2658.6713      0.0000   3502.4084   5268.0973      0.0000   3500.3585   3964.5772      0.0000    779.7389   3794.4433      0.0000
     54.7721  -1544.5383     11.7017   -253.4366  -1557.7841    -80.2789  -2097.2842  -2823.9404    805.8583   2516.3793   5784.1901  -1516.6869   2654.5263   4069.0703    755.0095   -196.4275   4169.9004   -508.8349
    232.6210  -1687.4432    232.5209     24.1458  -1695.5790     24.0473  -1619.5405  -3059.2228  -1620.5540   1671.1220   5841.3480   1672.3800    815.7275   4421.5189    817.4253     42.2581   3507.6964     41.4694
   -804.6554   -804.6554    163.8634   -912.5351   -912.5351   -108.3291  -2495.2502  -2495.2502    722.1673   4450.0734   4450.0734  -2226.4537   3749.8714   3749.8714   1487.4024   2335.5450   2335.5450   -450.5249
   -392.1512  -1101.3202    247.7519   -514.4447  -1246.3386    -84.6312  -2279.2881  -2677.2994   1357.5061   3785.5564   4901.2907  -3268.5609   2862.2211   3944.8197   1728.1613    434.6744   3566.9174   -943.9609
   -136.8459  -1275.0240   -137.0581    -81.6580  -1443.1868    -81.8964  -1940.8339  -2915.3914  -1941.6145   3236.7307   4904.7309   3237.5380    255.5723   4761.1145    259.5467    306.7330   3223.6036    304.2074
   -668.8684   -668.8684    467.2693   -824.8229   -824.8229    -10.2725  -2500.7311  -2500.7311   1814.2155   4353.3877   4353.3877  -4039.2809   2978.3883   2978.3883   1428.6591   1854.3544   1854.3544  -1214.1769
   -439.7489   -790.5183   -439.8779   -235.3992  -1092.2519   -235.7835  -2242.9559  -2763.7197  -2243.6107   4037.4989   4361.4712   4037.6243    490.5990   3579.8595    557.5631    684.9607   2572.2051    620.3657
   -507.3606    697.8118   -316.9093   -507.2080    316.2803   -698.1358  -2549.2131   2548.6621  -2549.7640   4135.0556  -4135.3154   4134.7958   1276.2084   -892.2375   1660.1794   1278.3528  -1659.6945    897.0112
   -602.4800   -602.4800   -602.4800   -602.3845   -602.3845   -602.3845  -2130.7208  -2130.7208  -2130.7208   4484.1763   4484.1763   4484.1763   1754.5641   1754.5641   1754.5641   1756.5794   1756.5794   1756.5794
   -433.1215   -870.9976   -433.1215   -306.0036  -1205.1357   -306.0036  -1792.3275  -2327.3565  -1792.3275   4060.3676   5068.0013   4060.3676    983.1604   3274.0013    983.1604    873.2742   3914.8720    873.2742
    -35.2187  -1380.2003    -35.2187   -146.3227  -1540.9579   -146.3227  -1472.1256  -2470.7501  -1472.1256   2761.2010   5997.9748   2761.2010    539.2536   4772.5202    539.2536    483.9995   3902.9560    483.9995
    349.4935  -1792.8833    349.4935    -35.9647  -1784.0424    -35.9647  -1095.5837  -2637.3304  -1095.5837   1024.2763   6899.2365   1024.2763    630.8338   4348.0534    630.8338    139.2889   4089.7660    139.2889
      0.0000  -1882.7882      1.7347     -0.0000  -1882.7882     -0.0328     -0.0000  -3011.3053     -2.9904      0.0000   7038.1260      1.1307      0.0000   3905.8226      2.0135     -0.0000   3905.8226     -0.2718
   -649.9902   -649.9902   -444.6409   -894.3862   -894.3862     17.6169  -2046.1600  -2046.1600  -1307.6262   4809.4610   4809.4610   3674.0873   3419.2908   3419.2908  -1068.1386   2229.9041   2229.9041   1404.3471
   -250.9272  -1115.9950   -173.0055   -573.2750  -1276.8683     73.4321  -1837.6114  -2221.3346   -765.5531   3866.6883   5777.4446   2135.4492   3050.3894   4179.2894   -969.8367    507.2730   4062.0498    803.7603
    243.0816  -1553.1509      0.0000   -287.8361  -1580.4022     -0.0000  -1652.8629  -2384.6761     -0.0000   2366.8398   6688.0265     -0.0000   2283.7750   4267.6546      0.0000   -269.9201   4499.5515      0.0000
    349.4935  -1792.8833    349.7581    -35.9647  -1784.0424    -36.2069  -1095.5837  -2637.3304  -1097.0178   1024.2763   6899.2365   1026.0206    630.8338   4348.0534    634.4016    139.2889   4089.7660    137.1596
   -705.0227   -705.0227      0.0000   -926.6155   -926.6155     -0.0000  -2044.8393  -2044.8393      0.0000   4983.0337   4983.0337     -0.0000   3842.7072   3842.7072      0.0000   2555.6655   2555.6655      0.0000
   -250.9272  -1115.9950    173.0055   -573.2750  -1276.8683    -73.4321  -1837.6114  -2221.3346    765.5531   3866.6883   5777.4446  -2135.4492   3050.3894   4179.2894    969.8367    507.2730   4062.0498   -803.7603
    -35.2187  -1380.2003    -35.3852   -146.3227  -1540.9579   -146.7098  -1472.1256  -2470.7501  -1473.0367   2761.2010   5997.9748   2762.8126    539.2536   4772.5202    548.6329    483.9995   3902.9560    476.2980
   -649.9902   -649.9902    444.6409   -894.3862   -894.3862    -17.6169  -2046.1600  -2046.1600   1307.6262   4809.4610   4809.4610  -3674.0873   3419.2908   3419.2908   1068.1386   2229.9041   2229.9041  -1404.3471
   -433.1215   -870.9976   -433.2800   -306.0036  -1205.1357   -306.5520  -1792.3275  -2327.3565  -1793.0631   4060.3676   5068.0013   4061.0951    983.1604   3274.0013    996.1007    873.2742   3914.8720    863.0835
   -602.4800    829.2250   -375.7350   -602.3845    374.9371   -829.8318  -2130.7208   2130.0757  -2131.3658   4484.1763  -4484.0090   4484.3437   1754.5641  -1232.0771   2277.0511   1756.5794  -2276.0280   1237.1308
   -573.3072   -573.3072   -573.3072   -573.2613   -573.2613   -573.2613  -1636.6087  -1636.6087  -1636.6087   4727.6045   4727.6045   4727.6045   2102.3638   2102.3638   2102.3638   2104.2704   2104.2704   2104.2704
   -298.9132   -872.3602   -298.9132   -276.8084  -1147.7597   -276.8084  -1287.4241  -1819.8080  -1287.4241   3834.4010   5851.1565   3834.4010   1087.5378   3878.8616   1087.5378    959.1315   4257.8961    959.1315
    155.0598  -1391.3453    155.0598   -112.8187  -1466.3428   -112.8187   -950.6608  -1964.5227   -950.6608   1873.2663   7083.8691   1873.2663    405.8321   4529.6644    405.8321    401.8173   4638.6375    401.8173
      0.0000  -1694.7376      2.3923      0.0000  -1694.7376     -0.2617      0.0000  -2254.3993     -3.6877     -0.0000   7474.2940      2.5275     -0.0000   4434.6504      2.3065      0.0000   4434.6504     -0.6613
   -546.6122   -546.6122   -274.2025   -820.0651   -820.0651     58.6591  -1543.5973  -1543.5973   -734.7392   5294.2915   5294.2915   2654.3617   3645.4428   3645.4428   -671.7953   2545.1694   2545.1694   1157.6288
    -67.2065  -1028.9823      0.0000   -486.5533  -1169.0173     -0.0000  -1352.1541  -1726.3520      0.0000   3851.5743   6599.7689     -0.0000   2681.7086   4360.3835      0.0000    274.7648   4484.6734      0.0000
    155.0598  -1391.3453    155.1101   -112.8187  -1466.3428   -113.3514   -950.6608  -1964.5227   -951.8171   1873.2663   7083.8691   1876.1827    405.8321   4529.6644   1201.5906    401.8173   4638.6375   -392.0968
   -546.6122   -546.6122    274.2025   -820.0651   -820.0651    -58.6591  -1543.5973  -1543.5973    734.7392   5294.2915   5294.2915  -2654.3617   3645.4428   3645.4428    671.7953   2545.1694   2545.1694  -1157.6288
   -298.9132   -872.3602   -299.0883   -276.8084  -1147.7597   -277.4930  -1287.4241  -1819.8080  -1288.2144   3834.4010   5851.1565   3836.1364   1087.5378   3878.8616   1096.0754    959.1315   4257.8961    953.8886
   -573.3072    789.5950   -357.0194   -573.2613    356.0615   -790.4611  -1636.6087   1635.9309  -1637.2865   4727.6045  -4726.8602   4728.3489   2102.3638  -1482.8748   2721.8528   2104.2704  -2720.0689   1488.4718
   -441.1952   -441.1959   -441.1959   -441.1857   -441.1850   -441.1850  -1107.1135  -1107.1135  -1107.1135   4896.0230   4896.0230   4896.0230   2332.0327   2332.0327   2332.0327   2333.9723   2333.9723   2333.9723
    -71.3844   -806.9466    -71.3844   -166.0617   -951.8908   -166.0617   -755.2659  -1277.2609   -755.2659   3102.2588   6853.8295   3102.2588    892.5918   4445.5781    892.5918    537.7932   4690.5977    537.7932
      0.0000  -1254.4150      3.1727     -0.0000  -1254.4150     -0.4481      0.0000  -1499.5419     -4.4733      0.0000   7798.0592      4.9220     -0.0000   4730.8434      2.8558      0.0000   4730.8434     -1.2293
   -384.8401   -384.8401      0.0000   -617.1983   -617.1983     -0.0000  -1029.6543  -1029.6543     -0.0000   5767.5710   5767.5710     -0.0000   3623.2142   3623.2142      0.0000   2765.4535   2765.4535      0.0000
    -71.3844   -806.9466    -71.5034   -166.0617   -951.8908   -166.8374   -755.2659  -1277.2609   -756.1620   3102.2588   6853.8295   3106.2923    892.5918   4445.5781    900.4114    537.7932   4690.5977    533.8685
   -441.1952    607.8774   -274.5144   -441.1857    273.4312   -608.9388  -1107.1135   1106.4223  -1107.8048   4896.0230  -4894.2966   4897.7494   2332.0327  -1650.8673   3013.1981   2333.9723  -3010.1272   1657.8174
   -238.3592   -238.3644   -238.3644   -238.3717   -238.3665   -238.3665   -558.0889   -558.0889   -558.0889   4996.0713   4996.0713   4996.0713   2460.7190   2460.7190   2460.7190   2463.4154   2463.4154   2463.4154
     -0.2051   -662.6510      3.8953      0.2051   -662.6510     -0.5695      0.0000   -748.4470     -5.1892     -0.0000   7997.3999     11.2343     -0.0849   4877.7822      4.8009      0.0849   4877.7822     -2.6676
   -238.3592    328.2671   -148.4617   -238.3717    147.2934   -329.4395   -558.0889    557.3920   -558.7857   4996.0713  -4991.8333   5000.3093   2460.7190  -1744.5477   3176.8902   2463.4154  -3170.3377   1756.4930
     -0.6115     -0.6115     -0.6115     -0.6115     -0.6170     -0.6115     -0.6785     -0.6730     -0.6785   8064.7137   8042.0387   8064.7136   4921.8504   4958.8135   4921.8505   4921.8504   4921.8504   4921.8504
