  17.7212079609
  -0.0000000000
  -0.0000000200
   0.0000000199
  17.7212079808
   0.0000000199
  -0.0000000200
  -0.0000000000
  17.7212079609
  -4.5717395627
  -2.8762907322
  -2.8762907319
  -2.8762907322
  -4.5717395627
  -2.8762907319
  -2.8762907315
  -2.8762907315
  -4.5717395625
  -4.5717395627
   2.8762911533
   2.8762911535
   2.8762907322
  -4.5717400274
  -2.8762911535
   2.8762907315
  -2.8762911550
  -4.5717400276
  -4.5717400274
   2.8762907322
  -2.8762911535
   2.8762911533
  -4.5717395627
   2.8762911535
  -2.8762911550
   2.8762907315
  -4.5717400276
  -4.5717400274
  -2.8762911533
   2.8762907319
  -2.8762911533
  -4.5717400274
   2.8762907319
   2.8762911550
   2.8762911550
  -4.5717395625
   0.2828756667
   0.1414378037
   0.1414378037
  -0.1414378181
  -0.0707189019
  -0.0707188941
  -0.1414378181
  -0.0707188941
  -0.0707189019
   0.2828756667
  -0.1414378298
  -0.1414378298
   0.1414378181
  -0.0707189148
  -0.0707189226
   0.1414378181
  -0.0707189226
  -0.0707189148
   0.2828756006
   0.1414378298
  -0.1414378037
  -0.1414378156
  -0.0707189148
   0.0707188941
   0.1414378156
   0.0707189226
  -0.0707189019
   0.2828756006
  -0.1414378037
   0.1414378298
   0.1414378156
  -0.0707189019
   0.0707189226
  -0.1414378156
   0.0707188941
  -0.0707189148
  -0.0707189019
  -0.1414378181
  -0.0707188941
   0.1414378037
   0.2828756667
   0.1414378037
  -0.0707188941
  -0.1414378181
  -0.0707189019
  -0.0707189148
   0.1414378181
  -0.0707189226
  -0.1414378298
   0.2828756667
  -0.1414378298
  -0.0707189226
   0.1414378181
  -0.0707189148
  -0.0707189148
  -0.1414378156
   0.0707188941
   0.1414378298
   0.2828756006
  -0.1414378037
   0.0707189226
   0.1414378156
  -0.0707189019
  -0.0707189019
   0.1414378156
   0.0707189226
  -0.1414378037
   0.2828756006
   0.1414378298
   0.0707188941
  -0.1414378156
  -0.0707189148
  -0.0707189022
  -0.0707188943
  -0.1414378181
  -0.0707188943
  -0.0707189022
  -0.1414378181
   0.1414378041
   0.1414378041
   0.2828756667
  -0.0707189146
  -0.0707189224
   0.1414378181
  -0.0707189224
  -0.0707189146
   0.1414378181
  -0.1414378293
  -0.1414378293
   0.2828756667
  -0.0707189146
   0.0707188943
  -0.1414378156
   0.0707189224
  -0.0707189022
   0.1414378156
   0.1414378293
  -0.1414378041
   0.2828756006
  -0.0707189022
   0.0707189224
   0.1414378156
   0.0707188943
  -0.0707189146
  -0.1414378156
  -0.1414378041
   0.1414378293
   0.2828756006
  -0.0000000000
  -0.0000000000
  -0.0000000000
  -0.0000000000
  -0.0000000000
  -0.0000000000
  -0.0000000000
  -0.0000000000
  -0.0000000000
  -0.0000000000
  -0.0000000000
  -0.0000000000
  -0.0000000000
  -0.0000000000
  -0.0000000000
  -0.0000000000
  -0.0000000000
  -0.0000000000
  -0.0000000000
  -0.0000000000
  -0.0000000000
  -0.0000000000
  -0.0000000000
  -0.0000000000
  -0.0000000000
  -0.0000000000
  -0.0000000000
  -0.0000000000
  -0.0000000000
  -0.0000000000
  -0.0000000000
  -0.0000000000
  -0.0000000000
  -0.0000000000
  -0.0000000000
  -0.0000000000
  -0.0000000000
  -0.0000000000
  -0.0000000000
  -0.0000000000
  -0.0000000000
  -0.0000000000
  -0.0000000000
  -0.0000000000
  -0.0000000000
  -0.0000000000
  -0.0000000000
  -0.0000000000
  -0.0000000000
  -0.0000000000
  -0.0000000000
  -0.0000000000
  -0.0000000000
  -0.0000000000
  -0.0000000000
  -0.0000000000
  -0.0000000000
  -0.0000000000
  -0.0000000000
  -0.0000000000
  -0.0000000000
  -0.0000000000
  -0.0000000000
  -0.0000000000
  -0.0000000000
  -0.0000000000
  -0.0000000000
  -0.0000000000
  -0.0000000000
  -0.0000000000
  -0.0000000000
  -0.0000000000
  -0.0000000000
  -0.0000000000
  -0.0000000000
  -0.0000000000
  -0.0000000000
  -0.0000000000
  -0.0000000000
  -0.0000000000
  -0.0000000000
  -0.0000000000
  -0.0000000000
  -0.0000000000
  -0.0000000000
  -0.0000000000
  -0.0000000000
  -0.0000000000
  -0.0000000000
  -0.0000000000
  -0.0000000000
  -0.0000000000
  -0.0000000000
  -0.0000000000
  -0.0000000000
  -0.0000000000
  -0.0000000000
  -0.0000000000
  -0.0000000000
  -0.0000000000
  -0.0000000000
  -0.0000000000
  -0.0000000000
  -0.0000000000
  -0.0000000000
  -0.0000000000
  -0.0000000000
  -0.0000000000
  -4.5717400659
  -2.8762911794
  -2.8762911796
  -2.8762911794
  -4.5717400659
  -2.8762911796
  -2.8762911801
  -2.8762911801
  -4.5717400662
  17.7212079866
   0.0000000000
   0.0000000000
  -0.0000000000
  17.7212079866
  -0.0000000000
  -0.0000000000
  -0.0000000000
  17.7212079866
   0.2828756025
   0.1414378298
   0.1414378298
  -0.1414378165
  -0.0707189148
  -0.0707189226
  -0.1414378165
  -0.0707189226
  -0.0707189148
  -0.0707189148
  -0.1414378165
  -0.0707189226
   0.1414378298
   0.2828756025
   0.1414378298
  -0.0707189226
  -0.1414378165
  -0.0707189148
  -0.0707189146
  -0.0707189224
  -0.1414378165
  -0.0707189224
  -0.0707189146
  -0.1414378165
   0.1414378293
   0.1414378293
   0.2828756025
  -4.5717400659
   2.8762907307
   2.8762907305
   2.8762911794
  -4.5717395637
  -2.8762907305
   2.8762911801
  -2.8762907291
  -4.5717395634
  -0.0000000000
  -0.0000000000
  -0.0000000000
  -0.0000000000
  -0.0000000000
  -0.0000000000
  -0.0000000000
  -0.0000000000
  -0.0000000000
  -0.0000000000
  -0.0000000000
  -0.0000000000
  -0.0000000000
  -0.0000000000
  -0.0000000000
  -0.0000000000
  -0.0000000000
  -0.0000000000
  -4.5717395637
   2.8762911794
  -2.8762907305
   2.8762907307
  -4.5717400659
   2.8762907305
  -2.8762907291
   2.8762911801
  -4.5717395634
  -0.0000000000
  -0.0000000000
  -0.0000000000
  -0.0000000000
  -0.0000000000
  -0.0000000000
  -0.0000000000
  -0.0000000000
  -0.0000000000
  -0.0000000000
  -0.0000000000
  -0.0000000000
  -0.0000000000
  -0.0000000000
  -0.0000000000
  -0.0000000000
  -0.0000000000
  -0.0000000000
  -4.5717395637
  -2.8762907307
   2.8762911796
  -2.8762907307
  -4.5717395637
   2.8762911796
   2.8762907291
   2.8762907291
  -4.5717400662
  -0.0000000000
  -0.0000000000
  -0.0000000000
  -0.0000000000
  -0.0000000000
  -0.0000000000
  -0.0000000000
  -0.0000000000
  -0.0000000000
  -0.0000000000
  -0.0000000000
  -0.0000000000
  -0.0000000000
  -0.0000000000
  -0.0000000000
  -0.0000000000
  -0.0000000000
  -0.0000000000
   0.2828756667
  -0.1414378298
   0.1414378037
   0.1414378181
  -0.0707189148
   0.0707188941
  -0.1414378181
   0.0707189226
  -0.0707189019
   0.2828756667
   0.1414378037
  -0.1414378298
  -0.1414378181
  -0.0707189019
   0.0707189226
   0.1414378181
   0.0707188941
  -0.0707189148
  -0.0707189148
   0.1414378181
   0.0707188941
  -0.1414378298
   0.2828756667
   0.1414378037
   0.0707189226
  -0.1414378181
  -0.0707189019
  -0.0707189019
  -0.1414378181
   0.0707189226
   0.1414378037
   0.2828756667
  -0.1414378298
   0.0707188941
   0.1414378181
  -0.0707189148
  -0.0707189146
   0.0707188943
   0.1414378181
   0.0707189224
  -0.0707189022
  -0.1414378181
  -0.1414378293
   0.1414378041
   0.2828756667
  -0.0707189022
   0.0707189224
  -0.1414378181
   0.0707188943
  -0.0707189146
   0.1414378181
   0.1414378041
  -0.1414378293
   0.2828756667
   0.2828756025
  -0.1414378037
  -0.1414378037
   0.1414378165
  -0.0707189019
  -0.0707188941
   0.1414378165
  -0.0707188941
  -0.0707189019
  -0.0707189019
   0.1414378165
  -0.0707188941
  -0.1414378037
   0.2828756025
  -0.1414378037
  -0.0707188941
   0.1414378165
  -0.0707189019
  -0.0707189022
  -0.0707188943
   0.1414378165
  -0.0707188943
  -0.0707189022
   0.1414378165
  -0.1414378041
  -0.1414378041
   0.2828756025
