  -0.2398797413
   0.1855719962
   0.1507042555
   0.1855719962
  -0.0000000000
  27.3761265393
   0.1507042555
  27.3761265393
   0.0698659880
  -0.0699093561
   0.0558472486
  27.2813997955
   0.0558472486
  -0.3097348660
   0.0558799970
  27.2813997955
   0.0558799917
  -0.0699093561
   0.0698659880
  27.3773083197
   0.1483079993
  27.3773083197
  -0.0000000000
   0.1831759941
   0.1483079993
   0.1831759994
  -0.2398797413
  -4.9282302495
  -4.3694432389
  -4.3694540015
  -4.5887013780
  -4.5570968768
  -7.1875990482
  -4.5887230740
  -7.1875881982
  -4.5570969019
  -4.5570643507
  -4.5887447263
  -7.1875881982
  -4.3694217454
  -4.9282300007
  -4.3694322539
  -7.1875773509
  -4.5887664249
  -4.5570643507
  -4.5546899493
  -7.1875881996
  -4.5911191515
  -7.1875881996
  -4.5546899757
  -4.5911191753
  -4.3694540015
  -4.3694540015
  -4.9282302548
  -5.0479150044
   4.3662772521
   4.3662885070
   4.5364319741
  -4.6191566237
  -7.1117591248
   4.5358356735
  -7.1105664997
  -4.6185603231
   4.6768361766
  -4.5824997257
  -7.1772123742
  -4.3183555054
   4.9704922437
   4.3032092540
  -7.1311338004
   4.5194750746
   4.6185386483
   4.6744617990
  -7.1795867743
  -4.5872810758
  -7.1317192748
   4.6149607745
   4.5212531503
  -4.3195915065
   4.3038272546
   4.9698850058
   4.9655050037
  -4.3732812404
   4.2932237467
  -4.5824997257
   4.5570968768
  -7.1772015507
   4.5094678753
  -7.1860052485
   4.6135838245
  -4.6141584742
   4.5913685008
  -7.1017627516
   4.3662447472
  -4.9282300007
   4.3662447472
  -7.1005484240
   4.5907722240
  -4.6135621484
   4.6099951233
  -7.1866123991
   4.5112568248
  -7.1795867769
   4.5547008257
  -4.5873027758
   4.2938202379
  -4.3744845037
   4.9648977499
   4.9704812482
   4.3026237531
  -4.3183987465
   4.5200605491
   4.6191674736
  -7.1317192510
  -4.5825105479
  -7.1771907219
   4.6768687265
   4.6191457737
   4.5200714004
  -7.1317301235
   4.3026022596
   4.9704924925
  -4.3183555054
  -7.1772123742
  -4.5825431004
   4.6768361766
  -4.6149824506
  -7.1111519477
   4.5388388989
  -7.1111519477
  -4.6149716245
   4.5388280754
   4.3662769979
   4.3662769979
  -5.0479149991
  -4.9282302495
  -4.5887013767
  -4.5887230753
  -4.3694432389
  -4.5570968754
  -7.1875881996
  -4.3694540068
  -7.1875990495
  -4.5570969006
  -4.5570643507
  -4.3694217454
  -7.1875773509
  -4.5887447263
  -4.9282299954
  -4.5887664249
  -7.1875881996
  -4.3694322486
  -4.5570643507
  -4.5546899506
  -7.1875881996
  -4.3694540015
  -7.1875882009
  -4.5546899757
  -4.3694540015
  -4.5911191502
  -4.5911191753
  -4.9282302548
   4.9570590502
   4.4645385479
   4.4633459017
   4.4645385505
   4.4028908256
   7.0603787732
   4.4633459017
   7.0603787732
   4.4028908256
   4.4029016570
   4.4645385505
   7.0603353892
   4.4645385532
   4.9570265321
   4.4633459255
   7.0603353892
   4.4633459255
   4.4029016570
   4.4028908256
   7.0597716015
   4.4651348750
   7.0597716015
   4.4028908256
   4.4651348750
   4.4651348750
   4.4651348750
   4.9570590502
   1.2937025795
  -0.0707116485
  -0.0707116730
   0.0683047263
   0.2358464853
   0.5500049227
   0.0683047501
   0.5500049386
   0.2358464986
  -0.0000000159
  -0.1562552277
   0.0520850591
  -0.1562552257
   0.0000000026
  -0.1041701500
   0.0520850777
   0.1041701262
  -0.0000000053
   0.0000000159
   0.0520959091
  -0.1562877485
   0.0520959012
   0.0000000053
   0.1041918023
  -0.1562768753
  -0.1041918500
  -0.0000108394
  -0.0000108314
  -0.1562769005
  -0.1041918235
  -0.1562877273
  -0.0000000000
   0.0520959250
   0.1041918500
   0.0520959012
   0.0000000026
   0.2358573194
   0.0683047263
   0.5499940781
  -0.0707116750
   1.2936917215
  -0.0707116730
   0.5499940860
   0.0683047263
   0.2358573406
  -0.0000000026
   0.0520959117
   0.1041918023
   0.0520959250
  -0.0000000000
  -0.1562877485
  -0.1041918235
  -0.1562769270
  -0.0000108394
  -0.0000108473
  -0.1041918235
  -0.1562768760
   0.1041918473
   0.0000000106
   0.0520959064
  -0.1562877485
   0.0520959303
   0.0000000079
  -0.0000000132
   0.1041701500
   0.0520850644
  -0.1041701527
   0.0000000026
  -0.1562552012
   0.0520850724
  -0.1562552515
   0.0000000000
   0.2382425854
   0.5452019071
   0.0683047475
   0.5452019071
   0.2382425854
   0.0683047475
  -0.0683047501
  -0.0683047501
   1.2937025689
  -5.0479150044
   4.5364319754
   4.5358356748
   4.3662772521
  -4.6191566250
  -7.1105664997
   4.3662885070
  -7.1117591234
  -4.6185603244
   4.6768361753
  -4.3183555054
  -7.1311338004
  -4.5824997244
   4.9704922490
   4.5194750746
  -7.1772123755
   4.3032092540
   4.6185386496
   4.6744618003
  -7.1317192748
  -4.3195915065
  -7.1795867756
   4.6149607745
   4.3038272493
  -4.5872810758
   4.5212531503
   4.9698850058
   1.2937025795
   0.0683047263
   0.0683047475
  -0.0707116485
   0.2358464853
   0.5500049386
  -0.0707116730
   0.5500049227
   0.2358464986
  -0.0000000159
  -0.1562552257
   0.0520850777
  -0.1562552277
   0.0000000026
   0.1041701262
   0.0520850591
  -0.1041701500
  -0.0000000053
   0.0000000159
   0.0520959012
  -0.1562768753
   0.0520959091
   0.0000000053
  -0.1041918500
  -0.1562877485
   0.1041918023
  -0.0000108394
   4.9570916001
  -4.6008661502
  -4.6008661231
  -4.6008661502
   4.3863567239
   7.1034432862
  -4.6008661231
   7.1034432862
   4.3863567239
  -4.4029341937
   4.6032730513
   7.1978664481
   4.6032730513
  -4.9531342701
  -4.5100208264
   7.1978664481
  -4.5100208264
  -4.3863675686
  -4.4029233252
   7.2002842057
   4.6032622000
   7.2002842057
  -4.3863567239
  -4.5124277234
   4.6032622000
  -4.5124277261
  -4.9531233990
  -0.0000108394
   0.1041918248
   0.1562877511
  -0.1041918466
  -0.0000000106
   0.0520850565
   0.1562769005
   0.0520959197
  -0.0000000079
  -0.0000000106
   0.1041701236
   0.0520850830
  -0.1041701507
   0.0000000026
   0.1562552006
   0.0520850724
   0.1562552515
   0.0000000026
  -0.2382425854
   0.5475979833
   0.0659194987
   0.5428058018
  -0.2382425854
  -0.0683047263
  -0.0683047501
   0.0659194987
  -1.2888886795
  -0.0000108314
   0.1562877511
   0.1041918255
   0.1562769011
  -0.0000000000
   0.0520959250
  -0.1041918486
   0.0520850591
  -0.0000000026
  -0.2358573459
   0.0658978246
   0.5476088359
  -0.0682830237
  -1.2888995268
   0.0658978027
   0.5476088386
  -0.0682830766
  -0.2358573406
   0.0000000026
   0.0520959091
   0.1041917983
   0.0520850591
  -0.0000000000
   0.1562877511
  -0.1041918255
   0.1562877471
  -0.0000108314
   4.9655050037
  -4.5824997257
   4.5094678740
  -4.3732812404
   4.5570968754
  -7.1860052485
   4.2932237520
  -7.1772015507
   4.6135838245
  -4.6141584755
   4.3662447472
  -7.1005484253
   4.5913685008
  -4.9282299954
   4.5907722240
  -7.1017627503
   4.3662447472
  -4.6135621497
   4.6099951246
  -7.1795867756
   4.2938202379
  -7.1866124004
   4.5547008257
  -4.3744845037
   4.5112568261
  -4.5873027758
   4.9648977499
  -0.0000108314
  -0.1562877246
   0.1041918500
  -0.1562769005
  -0.0000000000
   0.0520959012
  -0.1041918235
   0.0520959250
   0.0000000026
   0.2358573194
  -0.0707116750
   0.5499940860
   0.0683047263
   1.2936917215
   0.0683047263
   0.5499940781
  -0.0707116730
   0.2358573406
  -0.0000000026
   0.0520959250
  -0.1041918235
   0.0520959117
  -0.0000000000
  -0.1562769270
   0.1041918023
  -0.1562877485
  -0.0000108394
  -0.0000108394
  -0.1041918493
   0.1562769005
   0.1041918248
  -0.0000000106
   0.0520959197
   0.1562877511
   0.0520850565
  -0.0000000079
  -0.0000000106
  -0.1041701480
   0.0520850724
   0.1041701236
   0.0000000026
   0.1562552515
   0.0520850830
   0.1562552032
   0.0000000026
  -0.2382425854
   0.5428058018
  -0.0683047501
   0.5475979833
  -0.2382425854
   0.0659194987
   0.0659194987
  -0.0683047263
  -1.2888886795
  -4.9530800521
   4.6032730499
  -4.5100316499
   4.6032730499
  -4.4028908256
   7.1978989450
  -4.5100316499
   7.1978989450
  -4.3863242005
   4.3863458819
  -4.6008878263
   7.1033998995
  -4.6008878263
   4.9570265321
  -4.6008877754
   7.1033998995
  -4.6008877754
   4.3863458819
  -4.3863242005
   7.2002842057
  -4.5124277525
   7.2002842057
  -4.4028908256
   4.6032730764
  -4.5124277525
   4.6032730764
  -4.9530800521
  -1.2888887086
  -0.0683047263
   0.0659195007
   0.0659194742
  -0.2358464853
   0.5475979807
  -0.0683047501
   0.5475979966
  -0.2358464986
  -0.0000000079
   0.1562552012
   0.0520850618
   0.1562552012
   0.0000000026
   0.1041701507
   0.0520850750
  -0.1041701513
   0.0000000053
   0.0000000079
   0.0520850697
   0.1562877538
   0.0520959250
  -0.0000000053
   0.1041918513
   0.1562877471
  -0.1041918255
  -0.0000108314
   4.9704812482
   4.5200605491
  -4.5825105492
   4.3026237531
   4.6191674750
  -7.1771907232
  -4.3183987465
  -7.1317192497
   4.6768687252
   4.6191457750
   4.3026022596
  -7.1772123755
   4.5200713990
   4.9704924872
  -4.5825431004
  -7.1317301248
  -4.3183555054
   4.6768361753
  -4.6149824493
  -7.1111519490
   4.3662769979
  -7.1111519490
  -4.6149716245
   4.3662769979
   4.5388388989
   4.5388280741
  -5.0479149991
  -0.0000108473
   0.1041918473
  -0.1562877485
  -0.1041918261
   0.0000000106
   0.0520959303
  -0.1562768733
   0.0520959064
   0.0000000079
  -0.0000000132
  -0.1041701527
   0.0520850724
   0.1041701500
   0.0000000026
  -0.1562552515
   0.0520850644
  -0.1562551986
   0.0000000000
   0.2382425854
   0.5452019071
  -0.0683047501
   0.5452019071
   0.2382425854
  -0.0683047501
   0.0683047475
   0.0683047475
   1.2937025689
  -0.0000108314
   0.1562769011
  -0.1041918486
   0.1562877511
  -0.0000000000
   0.0520850591
   0.1041918255
   0.0520959250
  -0.0000000026
  -0.2358573459
  -0.0682830237
   0.5476088386
   0.0658978272
  -1.2888995268
  -0.0682830766
   0.5476088359
   0.0658978001
  -0.2358573406
   0.0000000026
   0.0520850591
  -0.1041918255
   0.0520959091
  -0.0000000000
   0.1562877498
   0.1041917983
   0.1562877485
  -0.0000108314
  -1.2888887086
   0.0659194769
  -0.0683047501
  -0.0683047210
  -0.2358464853
   0.5475979966
   0.0659195007
   0.5475979807
  -0.2358464986
  -0.0000000079
   0.1562552012
   0.0520850750
   0.1562552012
   0.0000000026
  -0.1041701513
   0.0520850618
   0.1041701507
   0.0000000053
   0.0000000079
   0.0520959250
   0.1562877498
   0.0520850697
  -0.0000000053
  -0.1041918255
   0.1562877538
   0.1041918513
  -0.0000108314
  -4.9531233990
  -4.5099882765
   4.6014624515
  -4.5099882765
  -4.3863567239
   7.1996878945
   4.6014624515
   7.1996878945
  -4.4029233252
  -4.3863675686
  -4.5099774503
   7.1996553711
  -4.5099774503
  -4.9531342701
   4.6014732763
   7.1996553711
   4.6014732763
  -4.4029341937
   4.3863567239
   7.1034541123
  -4.6008660993
   7.1034541123
   4.3863567239
  -4.6008660993
  -4.6008661019
  -4.6008661019
   4.9570916001
  -4.8740763256
  -4.6642814529
  -4.6643031264
  -4.6642814529
  -4.3360431019
  -7.2529551257
  -4.6643031264
  -7.2529551257
  -4.3360431019
  -4.3360647753
  -4.6642923029
  -7.2529443022
  -4.6642923029
  -4.8740763256
  -4.6643031264
  -7.2529443022
  -4.6643031264
  -4.3360647753
  -4.3360647753
  -7.2529443022
  -4.6643031237
  -7.2529443022
  -4.3360647753
  -4.6643031237
  -4.6643031264
  -4.6643031264
  -4.8740763256
   4.9228535014
   4.5880618748
   4.5874623501
   4.3688934933
   4.5570953270
   7.1857944736
   4.3688794961
   7.1864016242
   4.5564957759
   4.5571061769
   4.3688609990
   7.1857944736
   4.5880943995
   4.9228317538
   4.5874948749
   7.1864016242
   4.3688687494
   4.5565066258
   4.5553076004
   7.1863843752
   4.3700720020
   7.1863843752
   4.5553076004
   4.3700720020
   4.5880912006
   4.5880912006
   4.9222322504
  -1.2888995903
   0.0683034491
   0.0683034491
  -0.0635289242
  -0.2382270083
  -0.5499806145
  -0.0635072243
  -0.5500022934
  -0.2382486928
   0.0000000079
   0.1562848738
  -0.0520949509
   0.1562848771
  -0.0000000185
   0.1041899256
  -0.0520949590
  -0.1041899256
  -0.0000000079
   0.0000000106
  -0.0520949562
   0.1562848765
  -0.0520949680
  -0.0000000026
  -0.1041899256
   0.1562849003
   0.1041899256
  -0.0000000159
  -0.0000000079
   0.1562848771
   0.1041899230
   0.1562848738
   0.0000000079
  -0.0520949509
  -0.1041899256
  -0.0521058010
  -0.0000000159
  -0.2382487004
  -0.0635289242
  -0.5500023066
   0.0683034491
  -1.2888995982
   0.0683034491
  -0.5500022935
  -0.0635180504
  -0.2382486929
  -0.0000000026
  -0.0520949680
  -0.1041899256
  -0.0520949562
   0.0000000106
   0.1562848765
   0.1041899256
   0.1562849003
  -0.0000000159
  -0.0000000079
   0.1041899256
   0.1562848745
  -0.1041899521
  -0.0000000185
  -0.0520949691
   0.1562849003
  -0.0520949429
  -0.0000108448
  -0.0000000185
  -0.1041899521
  -0.0520949691
   0.1041899256
  -0.0000000185
   0.1562848745
  -0.0520949641
   0.1562848738
  -0.0000000027
  -0.2334524836
  -0.5476041842
  -0.0635072243
  -0.5476041842
  -0.2334524836
  -0.0635072243
   0.0683034240
   0.0683034240
  -1.2888995876
   4.9228535067
   4.3688934933
   4.3688794961
   4.5880618748
   4.5570953256
   7.1864016242
   4.5874623501
   7.1857944736
   4.5564957759
   4.5571061756
   4.5880943995
   7.1864016242
   4.3688609990
   4.9228317538
   4.3688687494
   7.1857944736
   4.5874948749
   4.5565066258
   4.5553076004
   7.1863843752
   4.5880912006
   7.1863843752
   4.5553076004
   4.5880912006
   4.3700720020
   4.3700720020
   4.9222322504
   0.1437157413
   0.1301177497
   0.1867984946
   0.1301177550
   0.0000012748
 -27.2545604026
   0.1867984999
 -27.2545604026
   0.0000012748
   0.0000012748
   0.1301177497
 -27.2545604026
   0.1301177550
   0.1437157413
   0.1867987487
 -27.2545604026
   0.1867987540
   0.0000012746
   0.0000012747
 -27.1966587741
   0.0704177506
 -27.1966587741
   0.0000012747
   0.0704177506
   0.0704177453
   0.0704177453
   0.1437157413
   4.9228287468
  -4.3195632580
  -4.3195635015
  -4.5850950995
   4.6191823748
   7.1279108744
  -4.6535708973
   7.1279108744
   4.6197819007
  -4.5571057746
   4.5370095248
   7.1323095020
   4.3700577507
  -4.9692960002
  -4.3145649959
   7.2500482516
  -4.5290028757
  -4.6197710733
  -4.5553072007
   7.1323095258
   4.5394076498
   7.1857908009
  -4.6185720240
  -4.5314010020
   4.4391114976
  -4.3145649959
  -4.9698954984
  -4.9692960002
   4.3700470039
  -4.3145650012
   4.5370095248
  -4.5570840998
   7.1323095020
  -4.5290028757
   7.2500699489
  -4.6197710733
   4.6191715487
  -4.5850842496
   7.1279000245
  -4.3195742588
   4.9228287468
  -4.3195742482
   7.1279000245
  -4.6535600738
   4.6197710746
  -4.6185720240
   7.1857908009
  -4.5314010020
   7.1323095258
  -4.5553072007
   4.5394076736
  -4.3145649959
   4.4391114976
  -4.9698954984
  -4.9692960002
  -4.3145652553
   4.3700470039
  -4.5290028757
  -4.6191715487
   7.1834143732
   4.5364099989
   7.1317099760
  -4.5564845752
  -4.6191715487
  -4.5290029022
   7.1833926760
  -4.3145652501
  -4.9692960002
   4.3700577507
   7.1317099522
   4.5364100240
  -4.5565062235
   4.6185720505
   7.1279000258
  -4.5874823772
   7.1279000258
   4.6185720505
  -4.5874823772
  -4.3207729904
  -4.3207729904
   4.9222292434
  -1.2888995903
  -0.0635289242
  -0.0635072243
   0.0683034491
  -0.2382270083
  -0.5500022934
   0.0683034491
  -0.5499806145
  -0.2382486928
   0.0000000079
   0.1562848771
  -0.0520949590
   0.1562848765
  -0.0000000185
  -0.1041899230
  -0.0520949509
   0.1041899230
  -0.0000000079
   0.0000000106
  -0.0520949680
   0.1562848977
  -0.0520949562
  -0.0000000026
   0.1041899256
   0.1562848765
  -0.1041899230
  -0.0000000159
   4.9228287415
  -4.5850950995
  -4.6535708987
  -4.3195632580
   4.6191823748
   7.1279108757
  -4.3195635015
   7.1279108757
   4.6197819007
  -4.5571057746
   4.3700577507
   7.2500482503
   4.5370095261
  -4.9692959949
  -4.5290028757
   7.1323095006
  -4.3145649906
  -4.6197710746
  -4.5553072007
   7.1857908009
   4.4391114870
   7.1323095258
  -4.6185720240
  -4.3145649959
   4.5394076498
  -4.5314010007
  -4.9698955037
  -4.8740766009
   4.5946666486
   4.5928680747
   4.5946666486
  -4.4064997736
  -7.2172375833
   4.5928680747
  -7.2172375833
  -4.4064997736
   4.3360667738
  -4.5946449738
  -7.1898811379
  -4.5946449738
   4.9522925735
   4.6226009257
  -7.1898811379
   4.6226009257
   4.4065106235
   4.3360667738
  -7.1856844552
  -4.5946449738
  -7.1856844552
   4.4089087247
   4.6267976272
  -4.5946449738
   4.6267976245
   4.9522925735
   0.0000000053
  -0.1041790988
  -0.1562848765
   0.1041899521
  -0.0000108394
  -0.0520949446
  -0.1562848738
  -0.0521057929
  -0.0000000158
   0.0000000106
  -0.1041790988
  -0.0520949668
   0.1041899256
   0.0000000053
  -0.1562848738
  -0.0520949526
  -0.1562848765
  -0.0000000000
   0.2334524941
  -0.5524004007
  -0.0683034504
  -0.5547985151
   0.2334524941
   0.0659053281
   0.0659053255
  -0.0683034504
   1.2936957979
   0.0000000053
  -0.1562848765
  -0.1041790981
  -0.1562848732
  -0.0000000158
  -0.0521058009
   0.1041899236
  -0.0520949502
  -0.0000108394
   0.2382486872
  -0.0683034260
  -0.5524004140
   0.0683034240
   1.2936958032
  -0.0683034491
  -0.5500022969
   0.0683034240
   0.2382486902
   0.0000000132
  -0.0520949668
  -0.1041791008
  -0.0520949567
   0.0000000001
  -0.1562848738
   0.1041899024
  -0.1562848745
   0.0000000053
  -0.0000000079
   0.1562848765
  -0.1041899230
   0.1562848771
   0.0000000079
  -0.0521058010
   0.1041899230
  -0.0520949509
  -0.0000000159
  -0.2382487004
   0.0683034491
  -0.5500022935
  -0.0635289242
  -1.2888995982
  -0.0635180504
  -0.5500023066
   0.0683034491
  -0.2382486929
  -0.0000000026
  -0.0520949562
   0.1041899256
  -0.0520949680
   0.0000000106
   0.1562848977
  -0.1041899230
   0.1562848765
  -0.0000000159
  -4.9692960055
   4.5370095261
  -4.5290028757
   4.3700469934
  -4.5570840998
   7.2500699502
  -4.3145649959
   7.1323095006
  -4.6197710746
   4.6191715500
  -4.3195742588
   7.1279000258
  -4.5850842496
   4.9228287415
  -4.6535600738
   7.1279000258
  -4.3195742482
   4.6197710759
  -4.6185720240
   7.1323095258
  -4.3145649959
   7.1857908009
  -4.5553072007
   4.4391114870
  -4.5314010007
   4.5394076749
  -4.9698955037
   0.0000000053
   0.1041899521
  -0.1562848738
  -0.1041790988
  -0.0000108394
  -0.0521057929
  -0.1562848765
  -0.0520949446
  -0.0000000158
   0.0000000106
   0.1041899256
  -0.0520949526
  -0.1041790988
   0.0000000053
  -0.1562848765
  -0.0520949668
  -0.1562848738
  -0.0000000000
   0.2334524941
  -0.5547985151
   0.0659053281
  -0.5524004007
   0.2334524941
  -0.0683034504
  -0.0683034504
   0.0659053255
   1.2936957979
   4.9522925735
  -4.5946449738
   4.6226009257
  -4.5946449738
   4.3360667738
  -7.1898811379
   4.6226009257
  -7.1898811379
   4.4065106235
  -4.4065106235
   4.5946557986
  -7.2172375675
   4.5946557986
  -4.8740766009
   4.5928572247
  -7.2172375675
   4.5928572247
  -4.4065106235
   4.4089087247
  -7.1856844552
   4.6267976272
  -7.1856844552
   4.3360667738
  -4.5946449738
   4.6267976245
  -4.5946449738
   4.9522925735
   1.2936958032
   0.0683034240
  -0.0683034491
  -0.0683034260
   0.2382486872
  -0.5524004140
   0.0683034240
  -0.5500022969
   0.2382486903
  -0.0000000000
  -0.1562848732
  -0.0520949721
  -0.1562848765
   0.0000000053
  -0.1041790981
  -0.0520949583
   0.1041898998
   0.0000000106
   0.0000000000
  -0.0520949568
  -0.1562848738
  -0.0520949668
   0.0000000132
  -0.1041791008
  -0.1562848745
   0.1041899024
   0.0000000053
  -0.0000000079
  -0.1041899521
   0.1562848977
   0.1041899256
  -0.0000000185
  -0.0520949429
   0.1562848745
  -0.0520949691
  -0.0000108448
  -0.0000000185
   0.1041899230
  -0.0520949641
  -0.1041899521
  -0.0000000185
   0.1562848738
  -0.0520949691
   0.1562848745
  -0.0000000027
  -0.2334524836
  -0.5476041842
   0.0683034240
  -0.5476041842
  -0.2334524836
   0.0683034240
  -0.0635072243
  -0.0635072243
  -1.2888995876
  -4.9692960055
  -4.5290028757
   4.5364100002
  -4.3145652606
  -4.6191715500
   7.1317099747
   4.3700470039
   7.1834143746
  -4.5564845752
  -4.6191715500
  -4.3145652553
   7.1317099509
  -4.5290029009
  -4.9692959949
   4.5364100253
   7.1833926746
   4.3700577613
  -4.5565062248
   4.6185720505
   7.1279000258
  -4.3207729904
   7.1279000258
   4.6185720505
  -4.3207729904
  -4.5874823759
  -4.5874823759
   4.9222292381
   0.0000000053
  -0.1562848758
   0.1041899236
  -0.1562848765
  -0.0000000158
  -0.0520949502
  -0.1041790981
  -0.0521058009
  -0.0000108394
   0.2382486872
   0.0683034240
  -0.5500022969
  -0.0683034260
   1.2936958032
   0.0683034240
  -0.5524004140
  -0.0683034491
   0.2382486902
   0.0000000132
  -0.0520949567
   0.1041899024
  -0.0520949668
   0.0000000001
  -0.1562848745
  -0.1041791008
  -0.1562848765
   0.0000000053
   1.2936958032
  -0.0683034260
   0.0683034240
   0.0683034240
   0.2382486872
  -0.5500022969
  -0.0683034491
  -0.5524004140
   0.2382486903
  -0.0000000000
  -0.1562848765
  -0.0520949583
  -0.1562848732
   0.0000000053
   0.1041898998
  -0.0520949721
  -0.1041790981
   0.0000000106
   0.0000000000
  -0.0520949668
  -0.1562848745
  -0.0520949568
   0.0000000132
   0.1041899024
  -0.1562848765
  -0.1041791008
   0.0000000053
   4.9522925735
   4.6226009283
  -4.5946449745
   4.6226009283
   4.4065106235
  -7.1880825582
  -4.5946449745
  -7.1880825582
   4.3360667738
   4.4065106235
   4.6226009283
  -7.1880825582
   4.6226009283
   4.9522925735
  -4.5946449745
  -7.1880825582
  -4.5946449745
   4.3360667738
  -4.4089087247
  -7.2142399337
   4.5946557980
  -7.2142399337
  -4.4089087247
   4.5946557980
   4.5946557980
   4.5946557980
  -4.8740766009
