  -0.00000
  -0.00000
  -0.00000
  -0.00000
  -0.00000
  27.42320
  -0.00000
  27.42320
   0.00000
  -0.00000
  -0.00000
  27.42320
  -0.00000
  -0.00000
  -0.00000
  27.42320
  -0.00000
  -0.00000
   0.00000
  27.42320
  -0.00000
  27.42320
  -0.00000
  -0.00000
  -0.00000
  -0.00000
  -0.00000
  -4.92500
  -4.40000
  -4.40000
  -4.58750
  -4.58750
  -7.18250
  -4.58750
  -7.18250
  -4.58750
  -4.58750
  -4.58750
  -7.18250
  -4.40000
  -4.92500
  -4.40000
  -7.18250
  -4.58750
  -4.58750
  -4.58750
  -7.18250
  -4.58750
  -7.18250
  -4.58750
  -4.58750
  -4.40000
  -4.40000
  -4.92500
  -4.92500
   4.40000
   4.40000
   4.58750
  -4.58750
  -7.18250
   4.58750
  -7.18250
  -4.58750
   4.58750
  -4.58750
  -7.18250
  -4.40000
   4.92500
   4.40000
  -7.18250
   4.58750
   4.58750
   4.58750
  -7.18250
  -4.58750
  -7.18250
   4.58750
   4.58750
  -4.40000
   4.40000
   4.92500
   4.92500
  -4.40000
   4.40000
  -4.58750
   4.58750
  -7.18250
   4.58750
  -7.18250
   4.58750
  -4.58750
   4.58750
  -7.18250
   4.40000
  -4.92500
   4.40000
  -7.18250
   4.58750
  -4.58750
   4.58750
  -7.18250
   4.58750
  -7.18250
   4.58750
  -4.58750
   4.40000
  -4.40000
   4.92500
   4.92500
   4.40000
  -4.40000
   4.58750
   4.58750
  -7.18250
  -4.58750
  -7.18250
   4.58750
   4.58750
   4.58750
  -7.18250
   4.40000
   4.92500
  -4.40000
  -7.18250
  -4.58750
   4.58750
  -4.58750
  -7.18250
   4.58750
  -7.18250
  -4.58750
   4.58750
   4.40000
   4.40000
  -4.92500
  -4.92500
  -4.58750
  -4.58750
  -4.40000
  -4.58750
  -7.18250
  -4.40000
  -7.18250
  -4.58750
  -4.58750
  -4.40000
  -7.18250
  -4.58750
  -4.92500
  -4.58750
  -7.18250
  -4.40000
  -4.58750
  -4.58750
  -7.18250
  -4.40000
  -7.18250
  -4.58750
  -4.40000
  -4.58750
  -4.58750
  -4.92500
   4.93500
   4.58750
   4.58750
   4.58750
   4.37000
   7.18170
   4.58750
   7.18170
   4.37000
   4.37000
   4.58750
   7.18170
   4.58750
   4.93500
   4.58750
   7.18170
   4.58750
   4.37000
   4.37000
   7.18170
   4.58750
   7.18170
   4.37000
   4.58750
   4.58750
   4.58750
   4.93500
   1.29274
  -0.06750
  -0.06750
   0.06750
   0.23490
   0.54868
   0.06750
   0.54868
   0.23490
   0.00000
  -0.15750
   0.05355
  -0.15750
  -0.00000
  -0.10500
   0.05355
   0.10500
  -0.00000
  -0.00000
   0.05355
  -0.15750
   0.05355
  -0.00000
   0.10500
  -0.15750
  -0.10500
  -0.00000
  -0.00000
  -0.15750
  -0.10500
  -0.15750
  -0.00000
   0.05355
   0.10500
   0.05355
  -0.00000
   0.23490
   0.06750
   0.54868
  -0.06750
   1.29274
  -0.06750
   0.54868
   0.06750
   0.23490
  -0.00000
   0.05355
   0.10500
   0.05355
  -0.00000
  -0.15750
  -0.10500
  -0.15750
  -0.00000
  -0.00000
  -0.10500
  -0.15750
   0.10500
  -0.00000
   0.05355
  -0.15750
   0.05355
  -0.00000
  -0.00000
   0.10500
   0.05355
  -0.10500
  -0.00000
  -0.15750
   0.05355
  -0.15750
   0.00000
   0.23490
   0.54868
   0.06750
   0.54868
   0.23490
   0.06750
  -0.06750
  -0.06750
   1.29274
  -4.92500
   4.58750
   4.58750
   4.40000
  -4.58750
  -7.18250
   4.40000
  -7.18250
  -4.58750
   4.58750
  -4.40000
  -7.18250
  -4.58750
   4.92500
   4.58750
  -7.18250
   4.40000
   4.58750
   4.58750
  -7.18250
  -4.40000
  -7.18250
   4.58750
   4.40000
  -4.58750
   4.58750
   4.92500
   1.29274
   0.06750
   0.06750
  -0.06750
   0.23490
   0.54868
  -0.06750
   0.54868
   0.23490
   0.00000
  -0.15750
   0.05355
  -0.15750
  -0.00000
   0.10500
   0.05355
  -0.10500
  -0.00000
  -0.00000
   0.05355
  -0.15750
   0.05355
  -0.00000
  -0.10500
  -0.15750
   0.10500
  -0.00000
   4.93500
  -4.58750
  -4.58750
  -4.58750
   4.37000
   7.18170
  -4.58750
   7.18170
   4.37000
  -4.37000
   4.58750
   7.18170
   4.58750
  -4.93500
  -4.58750
   7.18170
  -4.58750
  -4.37000
  -4.37000
   7.18170
   4.58750
   7.18170
  -4.37000
  -4.58750
   4.58750
  -4.58750
  -4.93500
  -0.00000
   0.10500
   0.15750
  -0.10500
   0.00000
   0.05355
   0.15750
   0.05355
  -0.00000
   0.00000
   0.10500
   0.05355
  -0.10500
  -0.00000
   0.15750
   0.05355
   0.15750
   0.00000
  -0.23490
   0.54868
   0.06750
   0.54868
  -0.23490
  -0.06750
  -0.06750
   0.06750
  -1.29274
  -0.00000
   0.15750
   0.10500
   0.15750
  -0.00000
   0.05355
  -0.10500
   0.05355
   0.00000
  -0.23490
   0.06750
   0.54868
  -0.06750
  -1.29274
   0.06750
   0.54868
  -0.06750
  -0.23490
   0.00000
   0.05355
   0.10500
   0.05355
  -0.00000
   0.15750
  -0.10500
   0.15750
  -0.00000
   4.92500
  -4.58750
   4.58750
  -4.40000
   4.58750
  -7.18250
   4.40000
  -7.18250
   4.58750
  -4.58750
   4.40000
  -7.18250
   4.58750
  -4.92500
   4.58750
  -7.18250
   4.40000
  -4.58750
   4.58750
  -7.18250
   4.40000
  -7.18250
   4.58750
  -4.40000
   4.58750
  -4.58750
   4.92500
  -0.00000
  -0.15750
   0.10500
  -0.15750
  -0.00000
   0.05355
  -0.10500
   0.05355
  -0.00000
   0.23490
  -0.06750
   0.54868
   0.06750
   1.29274
   0.06750
   0.54868
  -0.06750
   0.23490
  -0.00000
   0.05355
  -0.10500
   0.05355
  -0.00000
  -0.15750
   0.10500
  -0.15750
  -0.00000
  -0.00000
  -0.10500
   0.15750
   0.10500
   0.00000
   0.05355
   0.15750
   0.05355
  -0.00000
   0.00000
  -0.10500
   0.05355
   0.10500
  -0.00000
   0.15750
   0.05355
   0.15750
   0.00000
  -0.23490
   0.54868
  -0.06750
   0.54868
  -0.23490
   0.06750
   0.06750
  -0.06750
  -1.29274
  -4.93500
   4.58750
  -4.58750
   4.58750
  -4.37000
   7.18170
  -4.58750
   7.18170
  -4.37000
   4.37000
  -4.58750
   7.18170
  -4.58750
   4.93500
  -4.58750
   7.18170
  -4.58750
   4.37000
  -4.37000
   7.18170
  -4.58750
   7.18170
  -4.37000
   4.58750
  -4.58750
   4.58750
  -4.93500
  -1.29274
  -0.06750
   0.06750
   0.06750
  -0.23490
   0.54868
  -0.06750
   0.54868
  -0.23490
  -0.00000
   0.15750
   0.05355
   0.15750
  -0.00000
   0.10500
   0.05355
  -0.10500
   0.00000
  -0.00000
   0.05355
   0.15750
   0.05355
   0.00000
   0.10500
   0.15750
  -0.10500
  -0.00000
   4.92500
   4.58750
  -4.58750
   4.40000
   4.58750
  -7.18250
  -4.40000
  -7.18250
   4.58750
   4.58750
   4.40000
  -7.18250
   4.58750
   4.92500
  -4.58750
  -7.18250
  -4.40000
   4.58750
  -4.58750
  -7.18250
   4.40000
  -7.18250
  -4.58750
   4.40000
   4.58750
   4.58750
  -4.92500
  -0.00000
   0.10500
  -0.15750
  -0.10500
  -0.00000
   0.05355
  -0.15750
   0.05355
  -0.00000
  -0.00000
  -0.10500
   0.05355
   0.10500
  -0.00000
  -0.15750
   0.05355
  -0.15750
   0.00000
   0.23490
   0.54868
  -0.06750
   0.54868
   0.23490
  -0.06750
   0.06750
   0.06750
   1.29274
  -0.00000
   0.15750
  -0.10500
   0.15750
  -0.00000
   0.05355
   0.10500
   0.05355
   0.00000
  -0.23490
  -0.06750
   0.54868
   0.06750
  -1.29274
  -0.06750
   0.54868
   0.06750
  -0.23490
   0.00000
   0.05355
  -0.10500
   0.05355
  -0.00000
   0.15750
   0.10500
   0.15750
  -0.00000
  -1.29274
   0.06750
  -0.06750
  -0.06750
  -0.23490
   0.54868
   0.06750
   0.54868
  -0.23490
  -0.00000
   0.15750
   0.05355
   0.15750
  -0.00000
  -0.10500
   0.05355
   0.10500
   0.00000
  -0.00000
   0.05355
   0.15750
   0.05355
   0.00000
  -0.10500
   0.15750
   0.10500
  -0.00000
  -4.93500
  -4.58750
   4.58750
  -4.58750
  -4.37000
   7.18170
   4.58750
   7.18170
  -4.37000
  -4.37000
  -4.58750
   7.18170
  -4.58750
  -4.93500
   4.58750
   7.18170
   4.58750
  -4.37000
   4.37000
   7.18170
  -4.58750
   7.18170
   4.37000
  -4.58750
  -4.58750
  -4.58750
   4.93500
  -4.93500
  -4.58750
  -4.58750
  -4.58750
  -4.37000
  -7.18170
  -4.58750
  -7.18170
  -4.37000
  -4.37000
  -4.58750
  -7.18170
  -4.58750
  -4.93500
  -4.58750
  -7.18170
  -4.58750
  -4.37000
  -4.37000
  -7.18170
  -4.58750
  -7.18170
  -4.37000
  -4.58750
  -4.58750
  -4.58750
  -4.93500
   4.92500
   4.58750
   4.58750
   4.40000
   4.58750
   7.18250
   4.40000
   7.18250
   4.58750
   4.58750
   4.40000
   7.18250
   4.58750
   4.92500
   4.58750
   7.18250
   4.40000
   4.58750
   4.58750
   7.18250
   4.40000
   7.18250
   4.58750
   4.40000
   4.58750
   4.58750
   4.92500
  -1.29274
   0.06750
   0.06750
  -0.06750
  -0.23490
  -0.54868
  -0.06750
  -0.54868
  -0.23490
  -0.00000
   0.15750
  -0.05355
   0.15750
   0.00000
   0.10500
  -0.05355
  -0.10500
   0.00000
   0.00000
  -0.05355
   0.15750
  -0.05355
   0.00000
  -0.10500
   0.15750
   0.10500
   0.00000
   0.00000
   0.15750
   0.10500
   0.15750
  -0.00000
  -0.05355
  -0.10500
  -0.05355
   0.00000
  -0.23490
  -0.06750
  -0.54868
   0.06750
  -1.29274
   0.06750
  -0.54868
  -0.06750
  -0.23490
   0.00000
  -0.05355
  -0.10500
  -0.05355
   0.00000
   0.15750
   0.10500
   0.15750
   0.00000
   0.00000
   0.10500
   0.15750
  -0.10500
   0.00000
  -0.05355
   0.15750
  -0.05355
   0.00000
   0.00000
  -0.10500
  -0.05355
   0.10500
   0.00000
   0.15750
  -0.05355
   0.15750
   0.00000
  -0.23490
  -0.54868
  -0.06750
  -0.54868
  -0.23490
  -0.06750
   0.06750
   0.06750
  -1.29274
   4.92500
   4.40000
   4.40000
   4.58750
   4.58750
   7.18250
   4.58750
   7.18250
   4.58750
   4.58750
   4.58750
   7.18250
   4.40000
   4.92500
   4.40000
   7.18250
   4.58750
   4.58750
   4.58750
   7.18250
   4.58750
   7.18250
   4.58750
   4.58750
   4.40000
   4.40000
   4.92500
  -0.00000
  -0.00000
  -0.00000
  -0.00000
  -0.00000
 -27.42320
  -0.00000
 -27.42320
  -0.00000
  -0.00000
  -0.00000
 -27.42320
  -0.00000
  -0.00000
  -0.00000
 -27.42320
  -0.00000
  -0.00000
   0.00000
 -27.42320
  -0.00000
 -27.42320
   0.00000
  -0.00000
  -0.00000
  -0.00000
  -0.00000
   4.92500
  -4.40000
  -4.40000
  -4.58750
   4.58750
   7.18250
  -4.58750
   7.18250
   4.58750
  -4.58750
   4.58750
   7.18250
   4.40000
  -4.92500
  -4.40000
   7.18250
  -4.58750
  -4.58750
  -4.58750
   7.18250
   4.58750
   7.18250
  -4.58750
  -4.58750
   4.40000
  -4.40000
  -4.92500
  -4.92500
   4.40000
  -4.40000
   4.58750
  -4.58750
   7.18250
  -4.58750
   7.18250
  -4.58750
   4.58750
  -4.58750
   7.18250
  -4.40000
   4.92500
  -4.40000
   7.18250
  -4.58750
   4.58750
  -4.58750
   7.18250
  -4.58750
   7.18250
  -4.58750
   4.58750
  -4.40000
   4.40000
  -4.92500
  -4.92500
  -4.40000
   4.40000
  -4.58750
  -4.58750
   7.18250
   4.58750
   7.18250
  -4.58750
  -4.58750
  -4.58750
   7.18250
  -4.40000
  -4.92500
   4.40000
   7.18250
   4.58750
  -4.58750
   4.58750
   7.18250
  -4.58750
   7.18250
   4.58750
  -4.58750
  -4.40000
  -4.40000
   4.92500
  -1.29274
  -0.06750
  -0.06750
   0.06750
  -0.23490
  -0.54868
   0.06750
  -0.54868
  -0.23490
  -0.00000
   0.15750
  -0.05355
   0.15750
   0.00000
  -0.10500
  -0.05355
   0.10500
   0.00000
   0.00000
  -0.05355
   0.15750
  -0.05355
   0.00000
   0.10500
   0.15750
  -0.10500
   0.00000
   4.92500
  -4.58750
  -4.58750
  -4.40000
   4.58750
   7.18250
  -4.40000
   7.18250
   4.58750
  -4.58750
   4.40000
   7.18250
   4.58750
  -4.92500
  -4.58750
   7.18250
  -4.40000
  -4.58750
  -4.58750
   7.18250
   4.40000
   7.18250
  -4.58750
  -4.40000
   4.58750
  -4.58750
  -4.92500
  -4.93500
   4.58750
   4.58750
   4.58750
  -4.37000
  -7.18170
   4.58750
  -7.18170
  -4.37000
   4.37000
  -4.58750
  -7.18170
  -4.58750
   4.93500
   4.58750
  -7.18170
   4.58750
   4.37000
   4.37000
  -7.18170
  -4.58750
  -7.18170
   4.37000
   4.58750
  -4.58750
   4.58750
   4.93500
   0.00000
  -0.10500
  -0.15750
   0.10500
  -0.00000
  -0.05355
  -0.15750
  -0.05355
   0.00000
  -0.00000
  -0.10500
  -0.05355
   0.10500
   0.00000
  -0.15750
  -0.05355
  -0.15750
  -0.00000
   0.23490
  -0.54868
  -0.06750
  -0.54868
   0.23490
   0.06750
   0.06750
  -0.06750
   1.29274
   0.00000
  -0.15750
  -0.10500
  -0.15750
   0.00000
  -0.05355
   0.10500
  -0.05355
  -0.00000
   0.23490
  -0.06750
  -0.54868
   0.06750
   1.29274
  -0.06750
  -0.54868
   0.06750
   0.23490
  -0.00000
  -0.05355
  -0.10500
  -0.05355
   0.00000
  -0.15750
   0.10500
  -0.15750
   0.00000
   0.00000
   0.15750
  -0.10500
   0.15750
  -0.00000
  -0.05355
   0.10500
  -0.05355
   0.00000
  -0.23490
   0.06750
  -0.54868
  -0.06750
  -1.29274
  -0.06750
  -0.54868
   0.06750
  -0.23490
   0.00000
  -0.05355
   0.10500
  -0.05355
   0.00000
   0.15750
  -0.10500
   0.15750
   0.00000
  -4.92500
   4.58750
  -4.58750
   4.40000
  -4.58750
   7.18250
  -4.40000
   7.18250
  -4.58750
   4.58750
  -4.40000
   7.18250
  -4.58750
   4.92500
  -4.58750
   7.18250
  -4.40000
   4.58750
  -4.58750
   7.18250
  -4.40000
   7.18250
  -4.58750
   4.40000
  -4.58750
   4.58750
  -4.92500
   0.00000
   0.10500
  -0.15750
  -0.10500
  -0.00000
  -0.05355
  -0.15750
  -0.05355
   0.00000
  -0.00000
   0.10500
  -0.05355
  -0.10500
   0.00000
  -0.15750
  -0.05355
  -0.15750
  -0.00000
   0.23490
  -0.54868
   0.06750
  -0.54868
   0.23490
  -0.06750
  -0.06750
   0.06750
   1.29274
   4.93500
  -4.58750
   4.58750
  -4.58750
   4.37000
  -7.18170
   4.58750
  -7.18170
   4.37000
  -4.37000
   4.58750
  -7.18170
   4.58750
  -4.93500
   4.58750
  -7.18170
   4.58750
  -4.37000
   4.37000
  -7.18170
   4.58750
  -7.18170
   4.37000
  -4.58750
   4.58750
  -4.58750
   4.93500
   1.29274
   0.06750
  -0.06750
  -0.06750
   0.23490
  -0.54868
   0.06750
  -0.54868
   0.23490
   0.00000
  -0.15750
  -0.05355
  -0.15750
   0.00000
  -0.10500
  -0.05355
   0.10500
  -0.00000
   0.00000
  -0.05355
  -0.15750
  -0.05355
  -0.00000
  -0.10500
  -0.15750
   0.10500
   0.00000
   0.00000
  -0.10500
   0.15750
   0.10500
   0.00000
  -0.05355
   0.15750
  -0.05355
   0.00000
   0.00000
   0.10500
  -0.05355
  -0.10500
   0.00000
   0.15750
  -0.05355
   0.15750
   0.00000
  -0.23490
  -0.54868
   0.06750
  -0.54868
  -0.23490
   0.06750
  -0.06750
  -0.06750
  -1.29274
  -4.92500
  -4.58750
   4.58750
  -4.40000
  -4.58750
   7.18250
   4.40000
   7.18250
  -4.58750
  -4.58750
  -4.40000
   7.18250
  -4.58750
  -4.92500
   4.58750
   7.18250
   4.40000
  -4.58750
   4.58750
   7.18250
  -4.40000
   7.18250
   4.58750
  -4.40000
  -4.58750
  -4.58750
   4.92500
   0.00000
  -0.15750
   0.10500
  -0.15750
   0.00000
  -0.05355
  -0.10500
  -0.05355
  -0.00000
   0.23490
   0.06750
  -0.54868
  -0.06750
   1.29274
   0.06750
  -0.54868
  -0.06750
   0.23490
  -0.00000
  -0.05355
   0.10500
  -0.05355
   0.00000
  -0.15750
  -0.10500
  -0.15750
   0.00000
   1.29274
  -0.06750
   0.06750
   0.06750
   0.23490
  -0.54868
  -0.06750
  -0.54868
   0.23490
   0.00000
  -0.15750
  -0.05355
  -0.15750
   0.00000
   0.10500
  -0.05355
  -0.10500
  -0.00000
   0.00000
  -0.05355
  -0.15750
  -0.05355
  -0.00000
   0.10500
  -0.15750
  -0.10500
   0.00000
   4.93500
   4.58750
  -4.58750
   4.58750
   4.37000
  -7.18170
  -4.58750
  -7.18170
   4.37000
   4.37000
   4.58750
  -7.18170
   4.58750
   4.93500
  -4.58750
  -7.18170
  -4.58750
   4.37000
  -4.37000
  -7.18170
   4.58750
  -7.18170
  -4.37000
   4.58750
   4.58750
   4.58750
  -4.93500
