0	inf
0	inf
0	inf
111.698	0.266568
111.698	0.262843
111.698	0.265514
6.15172	0.739583
6.15172	0.71885
12.3999	3.87754
111.008	0.748462
111.4	0.715363
111.4	0.715275
8.08364	1.44395
8.08364	0.622896
13.2481	1.85621
111.082	0.306771
111.148	0.302313
111.148	0.303782
9.26704	0.463312
11.632	0.545453
19.6176	0.911412
110.004	0.380136
110.635	0.355738
111.055	0.329949
12.3447	0.701624
12.8409	0.449173
22.6468	1.81056
109.489	0.751722
110.336	0.659566
110.612	0.636712
12.0955	0.268725
12.0955	0.26831
24.6357	1.44368
108.948	0.435146
110.55	0.432717
110.55	0.429917
16.0147	1.77142
16.0147	0.472269
26.2762	1.10483
109.231	0.40128
109.554	0.362031
109.554	0.343719
14.241	0.393322
17.3483	0.474394
30.0225	1.50768
107.564	0.784751
109.475	0.751626
110.164	0.625759
15.7011	0.467039
18.4026	0.598079
29.9766	0.717403
107.73	0.482233
109.15	0.417441
109.88	0.366571
17.3464	0.348298
17.9566	0.277769
33.684	1.186
106.526	0.56959
109.089	0.586311
109.601	0.513229
17.5991	0.256622
17.5991	0.257056
36.5403	1.58666
105.552	0.733664
109.278	0.705051
109.278	0.706845
20.2108	0.849987
20.2112	0.383458
34.2137	1.00647
106.815	0.714411
108.323	0.641519
108.784	0.541345
18.0699	0.413415
23.9674	0.507751
37.4462	0.483828
104.923	0.620185
107.976	0.505263
109.234	0.400882
19.9632	0.36374
23.9156	0.412249
39.2418	0.863837
104.454	0.843361
107.728	0.779286
108.782	0.59585
19.2752	0.266708
22.4751	0.265083
41.0077	1.20938
103.757	0.684056
108.075	0.787962
108.863	0.662869
23.5893	3.24658
23.5893	0.471686
38.872	0.990334
106.139	0.549176
107.098	0.451861
107.098	0.386901
23.1923	0.529222
25.5741	0.627981
40.9796	0.649405
104.338	0.646463
106.86	0.506841
107.73	0.433361
22.2689	0.222496
22.6438	0.19646
44.7161	1.26093
102.273	0.749225
107.616	0.891792
108.26	0.698965
24.4356	0.30379
24.9587	0.550836
43.5019	0.993331
102.984	0.782722
106.848	0.850811
107.726	0.601364
22.3929	0.215072
22.3929	0.214938
47.9385	1.91822
100.888	0.736166
107.801	1.13715
107.801	1.14963
22.3444	0.331437
29.6461	0.31509
46.2009	0.769372
100.867	0.97173
106.493	0.921499
107.903	0.674938
27.2692	0.295935
27.7345	1.06161
45.7675	0.529125
103.024	0.746089
105.612	0.790475
106.127	0.490987
23.4761	0.423857
30.5008	0.41686
45.9553	0.438869
101.036	0.873709
106.153	0.633653
107.618	0.469494
24.2694	0.269752
28.6095	0.237174
49.0724	0.964537
99.8506	0.855885
106.285	1.26957
107.41	0.838289
23.7511	0.170523
26.7449	0.151567
51.7634	1.06263
98.7118	0.752941
106.646	1.19705
107.377	0.894941
26.8645	0.288485
30.776	0.35047
48.8068	0.489281
100.287	0.844095
105.363	0.944267
106.564	0.567908
30.4986	6.06373
30.4986	0.388196
50.84	0.749747
101.802	0.61376
104.108	0.549694
104.108	0.358018
28.0605	0.153531
29.596	0.196585
52.9731	0.62137
97.9393	0.707941
105.405	1.48137
106.47	0.702962
26.457	0.190966
26.5134	0.208996
55.2984	1.22165
96.835	1.00734
106.197	2.40112
106.831	1.57874
30.2865	0.670054
32.2465	0.739338
51.8435	0.541439
99.8922	0.99163
104.072	0.626081
104.889	0.551952
25.9666	0.336942
36.5358	0.313146
52.1275	0.289583
96.7339	1.10099
105.007	0.847887
106.546	0.545005
30.5911	0.299388
32.6148	0.622711
53.2834	0.583871
98.4204	0.912353
104.142	1.64494
105.163	0.610573
27.2237	0.255792
35.8485	0.223163
53.6171	0.402382
96.3101	0.892734
104.78	1.12862
106.204	0.669306
26.1672	0.11077
26.1672	0.11063
58.6169	0.889978
95.0818	0.579758
106.404	1.44248
106.404	1.44533
26.3097	0.224153
33.8023	0.160471
55.5036	0.589864
95.5994	0.933122
105.211	1.91675
106.402	1.07618
30.0186	0.684086
36.6936	0.672132
54.6165	0.463662
96.2266	1.43162
103.913	0.927661
105.284	0.736603
27.9154	0.130332
32.1912	0.117014
58.7457	0.588602
94.1326	0.619652
105.059	2.15123
106.007	0.985433
33.5117	0.305951
34.3626	2.00307
56.8347	0.37208
98.1204	0.942912
102.614	1.51045
103.057	0.509984
30.2727	0.294907
35.2505	0.326416
56.974	0.647594
95.0086	1.11965
104.085	2.52669
105.319	1.08725
27.2591	0.160719
29.8245	0.146095
61.8647	0.927024
92.6201	0.879921
105.474	4.38857
105.994	2.66913
33.3411	0.291167
37.0746	0.47891
58.1711	0.319904
95.1955	0.952068
102.745	1.51065
103.84	0.648016
30.62	0.193044
33.4521	0.207196
62.0772	0.798201
91.8905	0.880506
104.305	6.4854
105.265	1.86377
29.0262	0.0840298
29.6539	0.0877369
65.0368	0.580058
90.4658	0.454633
105.143	4.22711
105.61	1.94517
33.0328	0.171877
37.3886	0.229289
60.7521	0.392508
92.7473	0.764718
103.005	4.43037
104.181	0.795761
29.449	0.226192
41.3482	0.179166
59.1165	0.29296
91.5592	0.775222
103.858	1.55278
105.025	0.828744
36.2652	7.95195
36.2652	0.224208
62.0073	0.280859
96.2198	0.506523
101.101	0.863955
101.101	0.262661
30.528	0.736071
42.1963	0.696827
58.6347	0.420427
91.7226	1.65691
103.515	1.54825
104.755	1.02444
36.3363	0.461078
37.7699	0.445611
62.1752	0.242815
94.4242	0.827161
101.272	0.558225
101.869	0.483495
30.4887	0.564316
39.3127	0.434584
61.7554	0.955385
90.611	1.45253
103.788	5.1299
104.792	2.32766
29.449	0.111459
36.2942	0.0889097
64.5293	0.491433
89.4818	0.466886
104.335	3.1583
105.025	1.55929
33.1536	0.311129
41.4255	0.313068
60.8618	0.367082
91.057	1.06507
102.83	2.20316
103.991	1.03589
28.6038	0.138356
28.6038	0.144293
68.1419	1.1935
88.5052	0.728697
105.394	10.1033
105.394	10.0871
35.779	0.197487
39.2203	0.689236
62.6523	0.249251
92.9382	0.79971
101.45	3.80805
102.361	0.449497
32.6425	0.149906
38.5991	0.138334
64.9043	0.539286
88.909	0.644403
103.27	7.12941
104.218	1.44346
30.3753	0.503255
34.4252	0.54496
67.575	1.90322
87.7488	1.3833
104.315	21.5067
104.866	7.07281
36.362	1.1644
41.6219	0.80526
62.9952	0.56778
90.6976	0.351247
101.644	0.385913
102.669	0.470927
35.5339	5.75466
41.6337	0.804569
64.3079	0.269441
89.496	0.738411
101.886	0.393217
102.955	0.639392
38.3384	0.300311
39.4876	4.2354
67.1492	0.311454
92.0757	1.02708
99.9318	4.50549
100.238	0.458881
29.449	0.0703752
31.4193	0.0665317
70.5247	0.67152
86.1612	0.289441
104.83	10.3699
105.025	5.42219
32.5611	0.224287
47.1137	0.20844
63.3268	0.142869
86.9271	0.736527
102.781	1.42913
103.482	0.867119
38.4366	6.08291
42.0472	0.903045
67.0262	0.526764
89.3042	0.964927
100.413	0.624596
101.191	1.22183
33.4953	0.327497
45.9802	0.418215
64.573	0.122515
86.5428	0.889805
102.65	0.799968
103.323	0.5551
31.7732	1.05173
36.0399	4.05985
69.927	0.173465
85.5924	0.272121
103.822	0.24425
104.382	0.346451
32.2464	0.49571
43.5369	0.989898
66.5294	0.108613
85.9543	1.40022
103.173	0.79594
103.642	0.473503
34.2079	0.663629
41.1849	2.49646
67.6086	0.454026
86.5453	0.264252
102.48	0.40079
103.401	0.583951
30.0653	5.93751
31.3571	14.112
72.5383	0.168199
84.4904	0.965402
104.713	0.342487
104.88	0.507546
36.1868	0.476563
46.2828	0.394108
64.9822	0.249048
86.4076	1.06207
101.898	1.56658
102.661	0.940004
32.7181	0.123045
40.8347	0.0956857
69.1593	0.635137
84.8113	0.391469
103.325	7.26201
103.685	2.82167
36.894	0.396542
44.1161	1.70767
67.7805	0.993604
87.0059	0.230667
100.908	0.589056
101.89	0.59321
35.443	0.328024
44.3185	0.259292
67.1505	0.595122
85.4358	0.816532
102.258	7.68226
102.923	2.09495
40.2188	12.7486
40.2188	0.144033
72.2287	0.214717
89.4051	0.329462
98.7842	2.45302
98.7842	0.189801
31.36	0.138126
37.0387	0.113628
71.581	1.99783
83.9432	0.476095
104.039	11.7736
104.085	11.9883
38.7419	3.28151
45.4632	1.08297
67.5958	0.394683
85.4603	0.582261
101.044	0.628973
101.78	0.749147
29.449	10.3007
29.449	10.5442
73.7061	0.0723023
83.928	10.1351
105.025	0.145027
105.025	0.198519
40.6425	0.405494
41.4133	0.388619
71.7284	0.31635
87.9151	0.255453
99.1412	0.355505
99.44	0.409312
33.5004	3.86064
40.5359	1.30441
71.0004	0.143045
83.4839	2.28241
103.111	0.422213
103.506	0.629014
39.3271	0.218941
43.8324	2.57298
71.3682	0.60045
86.6264	0.190661
99.4027	0.940118
100.059	0.310441
31.2497	2.37914
35.1807	2.13986
72.6638	0.0914388
83.4859	1.20333
104.191	0.211578
104.302	0.269132
36.3115	3.03929
45.1287	0.38019
69.5416	0.122196
83.79	1.2326
101.689	0.332659
102.387	0.582402
41.4806	0.601124
44.4178	0.433246
70.835	0.369067
84.6194	0.238141
99.9243	0.424599
100.454	0.447799
35.1104	0.226988
49.2296	0.164026
68.5412	0.355932
82.6203	0.484209
102.066	2.20844
102.078	1.98589
39.092	3.59419
46.5436	0.225487
70.8724	0.169566
83.7034	0.862506
100.221	0.323887
100.947	0.961784
36.2848	0.207108
49.9138	0.186959
68.139	0.176597
82.5703	0.495105
101.746	1.23543
101.87	1.07926
35.5638	0.159743
46.7891	0.11125
70.0315	0.565497
82.2594	0.41181
102.195	4.36469
102.284	2.49024
41.0323	0.298434
42.3551	14.4227
76.5299	0.674157
84.8771	0.356808
98.3033	5.94013
98.5015	0.403472
33.9265	0.128605
43.3701	0.0978163
71.1834	1.14493
82.5771	0.32948
102.714	9.32829
103.025	3.28749
38.5471	0.293254
48.5361	0.269797
69.4126	0.377104
81.9621	0.582514
101.378	2.57223
101.598	1.69476
33.9265	0.501395
43.3702	1.25202
71.183	0.135412
82.5773	0.524369
102.714	0.355201
103.025	0.534588
36.6522	0.146005
47.8521	0.132246
71.0474	0.435368
81.9857	0.368762
101.138	9.50106
101.767	1.39389
41.294	0.27747
44.8627	2.62208
75.1592	0.783574
82.699	0.246595
99.0335	1.84149
99.4542	0.521276
36.2842	0.822551
45.266	0.462179
70.8185	0.134164
82.011	0.467667
102.231	0.315262
102.361	0.607819
41.7877	1.19861
47.7415	0.446744
70.8467	0.343064
81.1977	0.280259
100.575	0.653484
100.892	0.486587
39.5354	0.509675
48.0283	0.528981
71.0222	0.329151
81.0594	0.291626
101.023	0.770923
101.331	0.618375
39.0316	0.258415
48.2027	0.471666
73.8332	0.367941
81.3279	0.524819
99.663	9.58391
100.368	0.870141
42.4658	0.292061
47.336	0.658792
73.6155	0.492966
79.9174	0.219614
99.977	1.12538
100.295	0.59818
41.6473	15.4155
41.6473	0.110135
81.3893	0.107864
81.3896	8.19432
97.8981	19.1272
97.8981	0.152338
42.4648	0.246752
42.4648	0.334683
80.3403	0.133775
80.3406	0.696092
98.412	0.563663
98.412	0.261877
37.5229	0.168301
50.7722	0.207057
71.8989	0.251287
80.2379	0.30565
100.641	1.50366
101.086	0.899655
38.2956	0.256389
49.7482	0.250622
71.8086	0.434105
80.4112	0.467768
100.747	3.46437
101.149	1.42699
38.2956	11.2388
49.7482	0.502012
71.8082	0.237041
80.4115	0.601159
100.747	0.392864
101.149	0.925436
40.6031	0.143357
45.5178	1.44905
78.4713	0.464461
80.3393	0.152447
98.6268	4.42503
99.1435	0.282238
41.1507	0.204518
49.4757	0.269451
72.5415	0.244938
79.1611	0.339703
100.542	1.3506
100.68	0.837471
44.3918	0.260076
44.3918	0.405865
78.028	0.193187
78.0283	0.298353
99.417	0.871527
99.417	0.339266
40.3568	0.161601
48.4492	0.432226
75.4629	0.316029
79.2762	0.21186
99.6002	2.04467
100.122	0.493225
43.1395	0.41444
48.3641	0.256533
73.0352	0.23525
78.5655	0.279744
100.489	0.972816
100.498	0.551628
46.0572	0.325268
46.0572	0.419473
76.1473	0.292194
76.1477	0.244681
100.115	0.816681
100.115	0.570007
