  17.72120
  -0.00000
   0.00000
  -0.00000
  17.72120
  -0.00000
   0.00000
  -0.00000
  17.72120
  -4.56927
  -2.87411
  -2.87411
  -2.87411
  -4.56927
  -2.87411
  -2.87411
  -2.87411
  -4.56927
  -4.56927
   2.87848
   2.87848
   2.87411
  -4.57421
  -2.87848
   2.87411
  -2.87848
  -4.57421
  -4.57421
   2.87411
  -2.87848
   2.87848
  -4.56927
   2.87848
  -2.87848
   2.87411
  -4.57421
  -4.57421
  -2.87848
   2.87411
  -2.87848
  -4.57421
   2.87411
   2.87848
   2.87848
  -4.56927
   0.28320
   0.14130
   0.14130
  -0.14145
  -0.07065
  -0.07057
  -0.14145
  -0.07057
  -0.07065
   0.28320
  -0.14158
  -0.14158
   0.14145
  -0.07079
  -0.07086
   0.14145
  -0.07086
  -0.07079
   0.28255
   0.14158
  -0.14130
  -0.14143
  -0.07079
   0.07057
   0.14143
   0.07086
  -0.07065
   0.28255
  -0.14130
   0.14158
   0.14143
  -0.07065
   0.07086
  -0.14143
   0.07057
  -0.07079
  -0.07065
  -0.14145
  -0.07057
   0.14130
   0.28320
   0.14130
  -0.07057
  -0.14145
  -0.07065
  -0.07079
   0.14145
  -0.07086
  -0.14158
   0.28320
  -0.14158
  -0.07086
   0.14145
  -0.07079
  -0.07079
  -0.14143
   0.07057
   0.14157
   0.28255
  -0.14130
   0.07086
   0.14143
  -0.07065
  -0.07065
   0.14143
   0.07086
  -0.14130
   0.28255
   0.14157
   0.07057
  -0.14143
  -0.07079
  -0.07065
  -0.07057
  -0.14145
  -0.07057
  -0.07065
  -0.14145
   0.14130
   0.14130
   0.28320
  -0.07079
  -0.07086
   0.14145
  -0.07086
  -0.07079
   0.14145
  -0.14158
  -0.14158
   0.28320
  -0.07079
   0.07057
  -0.14143
   0.07086
  -0.07065
   0.14143
   0.14158
  -0.14130
   0.28255
  -0.07065
   0.07086
   0.14143
   0.07057
  -0.07079
  -0.14143
  -0.14130
   0.14158
   0.28255
  -0.00000
  -0.00000
  -0.00000
  -0.00000
  -0.00000
  -0.00000
  -0.00000
  -0.00000
  -0.00000
  -0.00000
  -0.00000
  -0.00000
  -0.00000
  -0.00000
  -0.00000
  -0.00000
  -0.00000
  -0.00000
  -0.00000
  -0.00000
  -0.00000
  -0.00000
  -0.00000
  -0.00000
  -0.00000
  -0.00000
  -0.00000
  -0.00000
  -0.00000
  -0.00000
  -0.00000
  -0.00000
  -0.00000
  -0.00000
  -0.00000
  -0.00000
  -0.00000
  -0.00000
  -0.00000
  -0.00000
  -0.00000
  -0.00000
  -0.00000
  -0.00000
  -0.00000
  -0.00000
  -0.00000
  -0.00000
  -0.00000
  -0.00000
  -0.00000
  -0.00000
  -0.00000
  -0.00000
  -0.00000
  -0.00000
  -0.00000
  -0.00000
  -0.00000
  -0.00000
  -0.00000
  -0.00000
  -0.00000
  -0.00000
  -0.00000
  -0.00000
  -0.00000
  -0.00000
  -0.00000
  -0.00000
  -0.00000
  -0.00000
  -0.00000
  -0.00000
  -0.00000
  -0.00000
  -0.00000
  -0.00000
  -0.00000
  -0.00000
  -0.00000
  -0.00000
  -0.00000
  -0.00000
  -0.00000
  -0.00000
  -0.00000
  -0.00000
  -0.00000
  -0.00000
  -0.00000
  -0.00000
  -0.00000
  -0.00000
  -0.00000
  -0.00000
  -0.00000
  -0.00000
  -0.00000
  -0.00000
  -0.00000
  -0.00000
  -0.00000
  -0.00000
  -0.00000
  -0.00000
  -0.00000
  -0.00000
  -4.57421
  -2.87848
  -2.87848
  -2.87848
  -4.57421
  -2.87848
  -2.87848
  -2.87848
  -4.57421
  17.72120
   0.00000
  -0.00000
   0.00000
  17.72120
  -0.00000
   0.00000
   0.00000
  17.72120
   0.28255
   0.14158
   0.14158
  -0.14143
  -0.07079
  -0.07086
  -0.14143
  -0.07086
  -0.07079
  -0.07079
  -0.14143
  -0.07086
   0.14158
   0.28255
   0.14158
  -0.07086
  -0.14143
  -0.07079
  -0.07079
  -0.07086
  -0.14143
  -0.07086
  -0.07079
  -0.14143
   0.14158
   0.14158
   0.28255
  -4.57421
   2.87411
   2.87411
   2.87848
  -4.56927
  -2.87411
   2.87848
  -2.87411
  -4.56927
  -0.00000
  -0.00000
  -0.00000
  -0.00000
  -0.00000
  -0.00000
  -0.00000
  -0.00000
  -0.00000
  -0.00000
  -0.00000
  -0.00000
  -0.00000
  -0.00000
  -0.00000
  -0.00000
  -0.00000
  -0.00000
  -4.56927
   2.87848
  -2.87411
   2.87411
  -4.57421
   2.87411
  -2.87411
   2.87848
  -4.56927
  -0.00000
  -0.00000
  -0.00000
  -0.00000
  -0.00000
  -0.00000
  -0.00000
  -0.00000
  -0.00000
  -0.00000
  -0.00000
  -0.00000
  -0.00000
  -0.00000
  -0.00000
  -0.00000
  -0.00000
  -0.00000
  -4.56927
  -2.87411
   2.87848
  -2.87411
  -4.56927
   2.87848
   2.87411
   2.87411
  -4.57421
  -0.00000
  -0.00000
  -0.00000
  -0.00000
  -0.00000
  -0.00000
  -0.00000
  -0.00000
  -0.00000
  -0.00000
  -0.00000
  -0.00000
  -0.00000
  -0.00000
  -0.00000
  -0.00000
  -0.00000
  -0.00000
   0.28320
  -0.14158
   0.14130
   0.14145
  -0.07079
   0.07057
  -0.14145
   0.07086
  -0.07065
   0.28320
   0.14130
  -0.14158
  -0.14145
  -0.07065
   0.07086
   0.14145
   0.07057
  -0.07079
  -0.07079
   0.14145
   0.07057
  -0.14158
   0.28320
   0.14130
   0.07086
  -0.14145
  -0.07065
  -0.07065
  -0.14145
   0.07086
   0.14130
   0.28320
  -0.14158
   0.07057
   0.14145
  -0.07079
  -0.07079
   0.07057
   0.14145
   0.07086
  -0.07065
  -0.14145
  -0.14158
   0.14130
   0.28320
  -0.07065
   0.07086
  -0.14145
   0.07057
  -0.07079
   0.14145
   0.14130
  -0.14158
   0.28320
   0.28255
  -0.14130
  -0.14130
   0.14143
  -0.07065
  -0.07057
   0.14143
  -0.07057
  -0.07065
  -0.07065
   0.14143
  -0.07057
  -0.14130
   0.28255
  -0.14130
  -0.07057
   0.14143
  -0.07065
  -0.07065
  -0.07057
   0.14143
  -0.07057
  -0.07065
   0.14143
  -0.14130
  -0.14130
   0.28255
