   0.00003
  -0.00001
  -0.00001
  -0.00001
  -0.00000
  27.42319
  -0.00001
  27.42319
  -0.00001
   0.00001
   0.00001
  27.42320
   0.00001
   0.00003
   0.00001
  27.42320
   0.00001
   0.00001
  -0.00001
  27.42319
  -0.00001
  27.42319
  -0.00000
  -0.00001
  -0.00001
  -0.00001
   0.00003
  -4.93591
  -4.36877
  -4.36878
  -4.58743
  -4.58743
  -7.18219
  -4.58743
  -7.18219
  -4.58743
  -4.58743
  -4.58743
  -7.18219
  -4.36877
  -4.93591
  -4.36878
  -7.18219
  -4.58743
  -4.58743
  -4.58743
  -7.18218
  -4.58743
  -7.18218
  -4.58743
  -4.58743
  -4.36878
  -4.36878
  -4.93591
  -4.93592
   4.36877
   4.36877
   4.58743
  -4.58742
  -7.18219
   4.58743
  -7.18219
  -4.58742
   4.58744
  -4.58743
  -7.18218
  -4.36877
   4.93591
   4.36878
  -7.18218
   4.58743
   4.58742
   4.58744
  -7.18218
  -4.58743
  -7.18218
   4.58742
   4.58743
  -4.36877
   4.36878
   4.93591
   4.93591
  -4.36877
   4.36878
  -4.58743
   4.58743
  -7.18218
   4.58743
  -7.18219
   4.58743
  -4.58743
   4.58743
  -7.18219
   4.36877
  -4.93591
   4.36877
  -7.18219
   4.58743
  -4.58743
   4.58743
  -7.18218
   4.58743
  -7.18218
   4.58743
  -4.58743
   4.36878
  -4.36878
   4.93591
   4.93591
   4.36878
  -4.36877
   4.58743
   4.58742
  -7.18218
  -4.58743
  -7.18218
   4.58744
   4.58742
   4.58743
  -7.18218
   4.36878
   4.93591
  -4.36877
  -7.18218
  -4.58743
   4.58744
  -4.58742
  -7.18219
   4.58743
  -7.18219
  -4.58742
   4.58743
   4.36877
   4.36877
  -4.93592
  -4.93591
  -4.58743
  -4.58743
  -4.36877
  -4.58743
  -7.18219
  -4.36878
  -7.18219
  -4.58743
  -4.58743
  -4.36877
  -7.18219
  -4.58743
  -4.93591
  -4.58743
  -7.18219
  -4.36878
  -4.58743
  -4.58743
  -7.18218
  -4.36878
  -7.18218
  -4.58743
  -4.36878
  -4.58743
  -4.58743
  -4.93591
   4.93591
   4.58743
   4.58743
   4.58743
   4.36878
   7.18219
   4.58743
   7.18219
   4.36878
   4.36878
   4.58743
   7.18219
   4.58743
   4.93591
   4.58743
   7.18219
   4.58743
   4.36878
   4.36878
   7.18219
   4.58743
   7.18219
   4.36878
   4.58743
   4.58743
   4.58743
   4.93591
   1.29138
  -0.06946
  -0.06946
   0.06946
   0.23602
   0.54859
   0.06946
   0.54859
   0.23602
  -0.00000
  -0.15628
   0.05209
  -0.15628
  -0.00000
  -0.10419
   0.05209
   0.10419
   0.00000
  -0.00000
   0.05209
  -0.15628
   0.05209
   0.00000
   0.10419
  -0.15628
  -0.10419
   0.00000
   0.00000
  -0.15628
  -0.10419
  -0.15628
  -0.00000
   0.05209
   0.10419
   0.05209
   0.00000
   0.23602
   0.06946
   0.54859
  -0.06946
   1.29138
  -0.06946
   0.54859
   0.06946
   0.23602
   0.00000
   0.05209
   0.10419
   0.05209
  -0.00000
  -0.15628
  -0.10419
  -0.15628
   0.00000
   0.00000
  -0.10419
  -0.15628
   0.10419
   0.00000
   0.05209
  -0.15628
   0.05209
  -0.00000
   0.00000
   0.10419
   0.05209
  -0.10419
  -0.00000
  -0.15628
   0.05209
  -0.15628
  -0.00000
   0.23602
   0.54859
   0.06946
   0.54859
   0.23602
   0.06946
  -0.06946
  -0.06946
   1.29138
  -4.93592
   4.58743
   4.58743
   4.36877
  -4.58742
  -7.18219
   4.36877
  -7.18219
  -4.58742
   4.58744
  -4.36877
  -7.18218
  -4.58743
   4.93591
   4.58743
  -7.18218
   4.36878
   4.58742
   4.58744
  -7.18218
  -4.36877
  -7.18218
   4.58742
   4.36878
  -4.58743
   4.58743
   4.93591
   1.29138
   0.06946
   0.06946
  -0.06946
   0.23602
   0.54859
  -0.06946
   0.54859
   0.23602
  -0.00000
  -0.15628
   0.05209
  -0.15628
  -0.00000
   0.10419
   0.05209
  -0.10419
   0.00000
  -0.00000
   0.05209
  -0.15628
   0.05209
   0.00000
  -0.10419
  -0.15628
   0.10419
   0.00000
   4.93591
  -4.58743
  -4.58743
  -4.58743
   4.36876
   7.18219
  -4.58743
   7.18219
   4.36876
  -4.36878
   4.58743
   7.18219
   4.58743
  -4.93589
  -4.58743
   7.18219
  -4.58743
  -4.36876
  -4.36878
   7.18218
   4.58743
   7.18218
  -4.36876
  -4.58743
   4.58743
  -4.58743
  -4.93589
  -0.00000
   0.10419
   0.15628
  -0.10419
  -0.00000
   0.05209
   0.15628
   0.05209
   0.00000
  -0.00000
   0.10419
   0.05209
  -0.10419
  -0.00000
   0.15628
   0.05209
   0.15628
   0.00000
  -0.23602
   0.54859
   0.06946
   0.54859
  -0.23602
  -0.06946
  -0.06946
   0.06946
  -1.29138
   0.00000
   0.15628
   0.10419
   0.15628
  -0.00000
   0.05209
  -0.10419
   0.05209
  -0.00000
  -0.23602
   0.06946
   0.54859
  -0.06946
  -1.29138
   0.06946
   0.54859
  -0.06946
  -0.23602
  -0.00000
   0.05209
   0.10419
   0.05209
  -0.00000
   0.15628
  -0.10419
   0.15628
   0.00000
   4.93591
  -4.58743
   4.58743
  -4.36877
   4.58743
  -7.18219
   4.36878
  -7.18218
   4.58743
  -4.58743
   4.36877
  -7.18219
   4.58743
  -4.93591
   4.58743
  -7.18219
   4.36877
  -4.58743
   4.58743
  -7.18218
   4.36878
  -7.18218
   4.58743
  -4.36878
   4.58743
  -4.58743
   4.93591
   0.00000
  -0.15628
   0.10419
  -0.15628
  -0.00000
   0.05209
  -0.10419
   0.05209
   0.00000
   0.23602
  -0.06946
   0.54859
   0.06946
   1.29138
   0.06946
   0.54859
  -0.06946
   0.23602
   0.00000
   0.05209
  -0.10419
   0.05209
  -0.00000
  -0.15628
   0.10419
  -0.15628
   0.00000
  -0.00000
  -0.10419
   0.15628
   0.10419
  -0.00000
   0.05209
   0.15628
   0.05209
   0.00000
  -0.00000
  -0.10419
   0.05209
   0.10419
  -0.00000
   0.15628
   0.05209
   0.15628
   0.00000
  -0.23602
   0.54859
  -0.06946
   0.54859
  -0.23602
   0.06946
   0.06946
  -0.06946
  -1.29138
  -4.93589
   4.58743
  -4.58743
   4.58743
  -4.36878
   7.18219
  -4.58743
   7.18219
  -4.36876
   4.36876
  -4.58743
   7.18219
  -4.58743
   4.93591
  -4.58743
   7.18219
  -4.58743
   4.36876
  -4.36876
   7.18218
  -4.58743
   7.18218
  -4.36878
   4.58743
  -4.58743
   4.58743
  -4.93589
  -1.29138
  -0.06946
   0.06946
   0.06946
  -0.23602
   0.54859
  -0.06946
   0.54859
  -0.23602
   0.00000
   0.15628
   0.05209
   0.15628
  -0.00000
   0.10419
   0.05209
  -0.10419
  -0.00000
  -0.00000
   0.05209
   0.15628
   0.05209
  -0.00000
   0.10419
   0.15628
  -0.10419
  -0.00000
   4.93591
   4.58743
  -4.58743
   4.36878
   4.58742
  -7.18218
  -4.36877
  -7.18218
   4.58744
   4.58742
   4.36878
  -7.18218
   4.58743
   4.93591
  -4.58743
  -7.18218
  -4.36877
   4.58744
  -4.58742
  -7.18219
   4.36877
  -7.18219
  -4.58742
   4.36877
   4.58743
   4.58743
  -4.93592
   0.00000
   0.10419
  -0.15628
  -0.10419
   0.00000
   0.05209
  -0.15628
   0.05209
  -0.00000
   0.00000
  -0.10419
   0.05209
   0.10419
  -0.00000
  -0.15628
   0.05209
  -0.15628
  -0.00000
   0.23602
   0.54859
  -0.06946
   0.54859
   0.23602
  -0.06946
   0.06946
   0.06946
   1.29138
   0.00000
   0.15628
  -0.10419
   0.15628
  -0.00000
   0.05209
   0.10419
   0.05209
  -0.00000
  -0.23602
  -0.06946
   0.54859
   0.06946
  -1.29138
  -0.06946
   0.54859
   0.06946
  -0.23602
  -0.00000
   0.05209
  -0.10419
   0.05209
  -0.00000
   0.15628
   0.10419
   0.15628
   0.00000
  -1.29138
   0.06946
  -0.06946
  -0.06946
  -0.23602
   0.54859
   0.06946
   0.54859
  -0.23602
   0.00000
   0.15628
   0.05209
   0.15628
  -0.00000
  -0.10419
   0.05209
   0.10419
  -0.00000
  -0.00000
   0.05209
   0.15628
   0.05209
  -0.00000
  -0.10419
   0.15628
   0.10419
  -0.00000
  -4.93589
  -4.58743
   4.58743
  -4.58743
  -4.36876
   7.18219
   4.58743
   7.18219
  -4.36878
  -4.36876
  -4.58743
   7.18219
  -4.58743
  -4.93589
   4.58743
   7.18219
   4.58743
  -4.36878
   4.36876
   7.18219
  -4.58743
   7.18219
   4.36876
  -4.58743
  -4.58743
  -4.58743
   4.93591
  -4.93592
  -4.58743
  -4.58743
  -4.58743
  -4.36878
  -7.18219
  -4.58743
  -7.18219
  -4.36878
  -4.36878
  -4.58743
  -7.18219
  -4.58743
  -4.93592
  -4.58743
  -7.18219
  -4.58743
  -4.36878
  -4.36878
  -7.18219
  -4.58743
  -7.18219
  -4.36878
  -4.58743
  -4.58743
  -4.58743
  -4.93592
   4.93591
   4.58743
   4.58743
   4.36877
   4.58743
   7.18219
   4.36878
   7.18219
   4.58743
   4.58743
   4.36877
   7.18219
   4.58743
   4.93591
   4.58743
   7.18219
   4.36878
   4.58743
   4.58743
   7.18218
   4.36878
   7.18218
   4.58743
   4.36878
   4.58743
   4.58743
   4.93591
  -1.29138
   0.06946
   0.06946
  -0.06946
  -0.23602
  -0.54859
  -0.06946
  -0.54859
  -0.23602
  -0.00000
   0.15628
  -0.05209
   0.15628
   0.00000
   0.10419
  -0.05209
  -0.10419
  -0.00000
  -0.00000
  -0.05209
   0.15628
  -0.05209
  -0.00000
  -0.10419
   0.15628
   0.10419
   0.00000
  -0.00000
   0.15628
   0.10419
   0.15628
  -0.00000
  -0.05209
  -0.10419
  -0.05209
  -0.00000
  -0.23602
  -0.06946
  -0.54859
   0.06946
  -1.29138
   0.06946
  -0.54859
  -0.06946
  -0.23602
  -0.00000
  -0.05209
  -0.10419
  -0.05209
   0.00000
   0.15628
   0.10419
   0.15628
   0.00000
  -0.00000
   0.10419
   0.15628
  -0.10419
  -0.00000
  -0.05209
   0.15628
  -0.05209
  -0.00000
  -0.00000
  -0.10419
  -0.05209
   0.10419
   0.00000
   0.15628
  -0.05209
   0.15628
  -0.00000
  -0.23602
  -0.54859
  -0.06946
  -0.54859
  -0.23602
  -0.06946
   0.06946
   0.06946
  -1.29138
   4.93591
   4.36877
   4.36878
   4.58743
   4.58743
   7.18219
   4.58743
   7.18219
   4.58743
   4.58743
   4.58743
   7.18219
   4.36877
   4.93591
   4.36878
   7.18219
   4.58743
   4.58743
   4.58743
   7.18218
   4.58743
   7.18218
   4.58743
   4.58743
   4.36878
   4.36878
   4.93591
   0.00000
   0.00000
   0.00000
   0.00000
   0.00000
 -27.42320
   0.00000
 -27.42320
   0.00000
   0.00000
   0.00000
 -27.42320
   0.00000
   0.00000
   0.00000
 -27.42320
   0.00000
   0.00000
   0.00000
 -27.42320
   0.00000
 -27.42320
   0.00000
   0.00000
   0.00000
   0.00000
   0.00000
   4.93591
  -4.36877
  -4.36877
  -4.58743
   4.58743
   7.18219
  -4.58743
   7.18219
   4.58743
  -4.58743
   4.58743
   7.18218
   4.36877
  -4.93591
  -4.36878
   7.18219
  -4.58743
  -4.58743
  -4.58743
   7.18218
   4.58743
   7.18219
  -4.58743
  -4.58743
   4.36877
  -4.36878
  -4.93591
  -4.93591
   4.36877
  -4.36878
   4.58743
  -4.58743
   7.18218
  -4.58743
   7.18219
  -4.58743
   4.58743
  -4.58743
   7.18219
  -4.36877
   4.93591
  -4.36877
   7.18219
  -4.58743
   4.58743
  -4.58743
   7.18219
  -4.58743
   7.18218
  -4.58743
   4.58743
  -4.36878
   4.36877
  -4.93591
  -4.93591
  -4.36878
   4.36877
  -4.58743
  -4.58743
   7.18219
   4.58743
   7.18218
  -4.58743
  -4.58743
  -4.58743
   7.18219
  -4.36878
  -4.93591
   4.36877
   7.18218
   4.58743
  -4.58743
   4.58743
   7.18219
  -4.58743
   7.18219
   4.58743
  -4.58743
  -4.36877
  -4.36877
   4.93591
  -1.29138
  -0.06946
  -0.06946
   0.06946
  -0.23602
  -0.54859
   0.06946
  -0.54859
  -0.23602
  -0.00000
   0.15628
  -0.05209
   0.15628
   0.00000
  -0.10419
  -0.05209
   0.10419
  -0.00000
  -0.00000
  -0.05209
   0.15628
  -0.05209
  -0.00000
   0.10419
   0.15628
  -0.10419
   0.00000
   4.93591
  -4.58743
  -4.58743
  -4.36877
   4.58743
   7.18219
  -4.36877
   7.18219
   4.58743
  -4.58743
   4.36877
   7.18219
   4.58743
  -4.93591
  -4.58743
   7.18218
  -4.36878
  -4.58743
  -4.58743
   7.18219
   4.36877
   7.18218
  -4.58743
  -4.36878
   4.58743
  -4.58743
  -4.93591
  -4.93592
   4.58743
   4.58743
   4.58743
  -4.36878
  -7.18219
   4.58743
  -7.18219
  -4.36878
   4.36878
  -4.58743
  -7.18219
  -4.58743
   4.93591
   4.58744
  -7.18219
   4.58744
   4.36878
   4.36878
  -7.18219
  -4.58743
  -7.18219
   4.36878
   4.58744
  -4.58743
   4.58744
   4.93591
  -0.00000
  -0.10419
  -0.15628
   0.10419
  -0.00000
  -0.05209
  -0.15628
  -0.05209
   0.00000
  -0.00000
  -0.10419
  -0.05209
   0.10419
  -0.00000
  -0.15628
  -0.05209
  -0.15628
  -0.00000
   0.23602
  -0.54859
  -0.06946
  -0.54859
   0.23602
   0.06946
   0.06946
  -0.06946
   1.29138
  -0.00000
  -0.15628
  -0.10419
  -0.15628
   0.00000
  -0.05209
   0.10419
  -0.05209
  -0.00000
   0.23602
  -0.06946
  -0.54859
   0.06946
   1.29138
  -0.06946
  -0.54859
   0.06946
   0.23602
  -0.00000
  -0.05209
  -0.10419
  -0.05209
  -0.00000
  -0.15628
   0.10419
  -0.15628
  -0.00000
  -0.00000
   0.15628
  -0.10419
   0.15628
  -0.00000
  -0.05209
   0.10419
  -0.05209
  -0.00000
  -0.23602
   0.06946
  -0.54859
  -0.06946
  -1.29138
  -0.06946
  -0.54859
   0.06946
  -0.23602
  -0.00000
  -0.05209
   0.10419
  -0.05209
   0.00000
   0.15628
  -0.10419
   0.15628
   0.00000
  -4.93591
   4.58743
  -4.58743
   4.36877
  -4.58743
   7.18219
  -4.36878
   7.18218
  -4.58743
   4.58743
  -4.36877
   7.18219
  -4.58743
   4.93591
  -4.58743
   7.18219
  -4.36877
   4.58743
  -4.58743
   7.18218
  -4.36878
   7.18219
  -4.58743
   4.36877
  -4.58743
   4.58743
  -4.93591
  -0.00000
   0.10419
  -0.15628
  -0.10419
  -0.00000
  -0.05209
  -0.15628
  -0.05209
   0.00000
  -0.00000
   0.10419
  -0.05209
  -0.10419
  -0.00000
  -0.15628
  -0.05209
  -0.15628
  -0.00000
   0.23602
  -0.54859
   0.06946
  -0.54859
   0.23602
  -0.06946
  -0.06946
   0.06946
   1.29138
   4.93591
  -4.58743
   4.58744
  -4.58743
   4.36878
  -7.18219
   4.58744
  -7.18219
   4.36878
  -4.36878
   4.58743
  -7.18219
   4.58743
  -4.93592
   4.58743
  -7.18219
   4.58743
  -4.36878
   4.36878
  -7.18219
   4.58744
  -7.18219
   4.36878
  -4.58743
   4.58744
  -4.58743
   4.93591
   1.29138
   0.06946
  -0.06946
  -0.06946
   0.23602
  -0.54859
   0.06946
  -0.54859
   0.23602
   0.00000
  -0.15628
  -0.05209
  -0.15628
  -0.00000
  -0.10419
  -0.05209
   0.10419
  -0.00000
   0.00000
  -0.05209
  -0.15628
  -0.05209
  -0.00000
  -0.10419
  -0.15628
   0.10419
  -0.00000
  -0.00000
  -0.10419
   0.15628
   0.10419
  -0.00000
  -0.05209
   0.15628
  -0.05209
  -0.00000
  -0.00000
   0.10419
  -0.05209
  -0.10419
   0.00000
   0.15628
  -0.05209
   0.15628
  -0.00000
  -0.23602
  -0.54859
   0.06946
  -0.54859
  -0.23602
   0.06946
  -0.06946
  -0.06946
  -1.29138
  -4.93591
  -4.58743
   4.58743
  -4.36878
  -4.58743
   7.18218
   4.36877
   7.18219
  -4.58743
  -4.58743
  -4.36878
   7.18218
  -4.58743
  -4.93591
   4.58743
   7.18219
   4.36877
  -4.58743
   4.58743
   7.18219
  -4.36877
   7.18219
   4.58743
  -4.36877
  -4.58743
  -4.58743
   4.93591
  -0.00000
  -0.15628
   0.10419
  -0.15628
   0.00000
  -0.05209
  -0.10419
  -0.05209
  -0.00000
   0.23602
   0.06946
  -0.54859
  -0.06946
   1.29138
   0.06946
  -0.54859
  -0.06946
   0.23602
  -0.00000
  -0.05209
   0.10419
  -0.05209
  -0.00000
  -0.15628
  -0.10419
  -0.15628
  -0.00000
   1.29138
  -0.06946
   0.06946
   0.06946
   0.23602
  -0.54859
  -0.06946
  -0.54859
   0.23602
   0.00000
  -0.15628
  -0.05209
  -0.15628
  -0.00000
   0.10419
  -0.05209
  -0.10419
  -0.00000
   0.00000
  -0.05209
  -0.15628
  -0.05209
  -0.00000
   0.10419
  -0.15628
  -0.10419
  -0.00000
   4.93591
   4.58744
  -4.58743
   4.58744
   4.36878
  -7.18219
  -4.58743
  -7.18219
   4.36878
   4.36878
   4.58744
  -7.18219
   4.58744
   4.93591
  -4.58743
  -7.18219
  -4.58743
   4.36878
  -4.36878
  -7.18219
   4.58743
  -7.18219
  -4.36878
   4.58743
   4.58743
   4.58743
  -4.93592
