  17.7212079678
  -0.0000000000
   0.0000002796
  -0.0000002795
  17.7212076884
  -0.0000002795
   0.0000002796
  -0.0000000000
  17.7212079678
  -4.5717397353
  -2.8762908457
  -2.8762908457
  -2.8762908458
  -4.5717397353
  -2.8762908458
  -2.8762908457
  -2.8762908457
  -4.5717397353
  -4.5717397352
   2.8762906630
   2.8762906630
   2.8762908457
  -4.5717393600
  -2.8762906630
   2.8762908456
  -2.8762906630
  -4.5717393600
  -4.5717393600
   2.8762908457
  -2.8762906630
   2.8762906630
  -4.5717397353
   2.8762906630
  -2.8762906630
   2.8762908457
  -4.5717393600
  -4.5717393600
  -2.8762906630
   2.8762908456
  -2.8762906630
  -4.5717393600
   2.8762908457
   2.8762906630
   2.8762906630
  -4.5717397352
   0.2828756289
   0.1414378147
   0.1414378147
  -0.1414378130
  -0.0707189073
  -0.0707189066
  -0.1414378130
  -0.0707189066
  -0.0707189073
   0.2828756290
  -0.1414378308
  -0.1414378308
   0.1414378129
  -0.0707189154
  -0.0707189161
   0.1414378129
  -0.0707189161
  -0.0707189154
   0.2828756571
   0.1414378308
  -0.1414378147
  -0.1414378301
  -0.0707189154
   0.0707189066
   0.1414378301
   0.0707189161
  -0.0707189073
   0.2828756571
  -0.1414378147
   0.1414378308
   0.1414378301
  -0.0707189073
   0.0707189161
  -0.1414378301
   0.0707189066
  -0.0707189154
  -0.0707189073
  -0.1414378130
  -0.0707189066
   0.1414378147
   0.2828756289
   0.1414378147
  -0.0707189066
  -0.1414378130
  -0.0707189073
  -0.0707189154
   0.1414378130
  -0.0707189161
  -0.1414378308
   0.2828756289
  -0.1414378308
  -0.0707189161
   0.1414378130
  -0.0707189154
  -0.0707189154
  -0.1414378301
   0.0707189066
   0.1414378308
   0.2828756571
  -0.1414378147
   0.0707189161
   0.1414378301
  -0.0707189073
  -0.0707189073
   0.1414378301
   0.0707189161
  -0.1414378147
   0.2828756571
   0.1414378308
   0.0707189066
  -0.1414378301
  -0.0707189154
  -0.0707189073
  -0.0707189066
  -0.1414378130
  -0.0707189066
  -0.0707189073
  -0.1414378130
   0.1414378147
   0.1414378147
   0.2828756289
  -0.0707189154
  -0.0707189161
   0.1414378129
  -0.0707189161
  -0.0707189154
   0.1414378129
  -0.1414378308
  -0.1414378308
   0.2828756290
  -0.0707189154
   0.0707189066
  -0.1414378301
   0.0707189161
  -0.0707189073
   0.1414378301
   0.1414378308
  -0.1414378147
   0.2828756571
  -0.0707189073
   0.0707189161
   0.1414378301
   0.0707189066
  -0.0707189154
  -0.1414378301
  -0.1414378147
   0.1414378308
   0.2828756571
  -0.0000000000
  -0.0000000000
  -0.0000000000
  -0.0000000000
  -0.0000000000
  -0.0000000000
  -0.0000000000
  -0.0000000000
  -0.0000000000
  -0.0000000000
  -0.0000000000
  -0.0000000000
  -0.0000000000
  -0.0000000000
  -0.0000000000
  -0.0000000000
  -0.0000000000
  -0.0000000000
  -0.0000000000
  -0.0000000000
  -0.0000000000
  -0.0000000000
  -0.0000000000
  -0.0000000000
  -0.0000000000
  -0.0000000000
  -0.0000000000
  -0.0000000000
  -0.0000000000
  -0.0000000000
  -0.0000000000
  -0.0000000000
  -0.0000000000
  -0.0000000000
  -0.0000000000
  -0.0000000000
  -0.0000000000
  -0.0000000000
  -0.0000000000
  -0.0000000000
  -0.0000000000
  -0.0000000000
  -0.0000000000
  -0.0000000000
  -0.0000000000
  -0.0000000000
  -0.0000000000
  -0.0000000000
  -0.0000000000
  -0.0000000000
  -0.0000000000
  -0.0000000000
  -0.0000000000
  -0.0000000000
  -0.0000000000
  -0.0000000000
  -0.0000000000
  -0.0000000000
  -0.0000000000
  -0.0000000000
  -0.0000000000
  -0.0000000000
  -0.0000000000
  -0.0000000000
  -0.0000000000
  -0.0000000000
  -0.0000000000
  -0.0000000000
  -0.0000000000
  -0.0000000000
  -0.0000000000
  -0.0000000000
  -0.0000000000
  -0.0000000000
  -0.0000000000
  -0.0000000000
  -0.0000000000
  -0.0000000000
  -0.0000000000
  -0.0000000000
  -0.0000000000
  -0.0000000000
  -0.0000000000
  -0.0000000000
  -0.0000000000
  -0.0000000000
  -0.0000000000
  -0.0000000000
  -0.0000000000
  -0.0000000000
  -0.0000000000
  -0.0000000000
  -0.0000000000
  -0.0000000000
  -0.0000000000
  -0.0000000000
  -0.0000000000
  -0.0000000000
  -0.0000000000
  -0.0000000000
  -0.0000000000
  -0.0000000000
  -0.0000000000
  -0.0000000000
  -0.0000000000
  -0.0000000000
  -0.0000000000
  -0.0000000000
  -4.5717397208
  -2.8762909018
  -2.8762909018
  -2.8762909018
  -4.5717397208
  -2.8762909018
  -2.8762909018
  -2.8762909018
  -4.5717397208
  17.7212083254
   0.0000000000
   0.0000000000
  -0.0000000000
  17.7212083254
  -0.0000000000
  -0.0000000000
  -0.0000000000
  17.7212083254
   0.2828756331
   0.1414378068
   0.1414378068
  -0.1414378181
  -0.0707189034
  -0.0707189042
  -0.1414378181
  -0.0707189042
  -0.0707189034
  -0.0707189034
  -0.1414378181
  -0.0707189042
   0.1414378068
   0.2828756331
   0.1414378068
  -0.0707189042
  -0.1414378181
  -0.0707189034
  -0.0707189034
  -0.0707189042
  -0.1414378181
  -0.0707189042
  -0.0707189034
  -0.1414378181
   0.1414378068
   0.1414378068
   0.2828756331
  -4.5717397208
   2.8762908624
   2.8762908624
   2.8762909018
  -4.5717397209
  -2.8762908624
   2.8762909018
  -2.8762908624
  -4.5717397209
  -0.0000000000
  -0.0000000000
  -0.0000000000
  -0.0000000000
  -0.0000000000
  -0.0000000000
  -0.0000000000
  -0.0000000000
  -0.0000000000
  -0.0000000000
  -0.0000000000
  -0.0000000000
  -0.0000000000
  -0.0000000000
  -0.0000000000
  -0.0000000000
  -0.0000000000
  -0.0000000000
  -4.5717397209
   2.8762909018
  -2.8762908624
   2.8762908624
  -4.5717397208
   2.8762908624
  -2.8762908624
   2.8762909018
  -4.5717397209
  -0.0000000000
  -0.0000000000
  -0.0000000000
  -0.0000000000
  -0.0000000000
  -0.0000000000
  -0.0000000000
  -0.0000000000
  -0.0000000000
  -0.0000000000
  -0.0000000000
  -0.0000000000
  -0.0000000000
  -0.0000000000
  -0.0000000000
  -0.0000000000
  -0.0000000000
  -0.0000000000
  -4.5717397209
  -2.8762908624
   2.8762909018
  -2.8762908624
  -4.5717397209
   2.8762909018
   2.8762908624
   2.8762908624
  -4.5717397208
  -0.0000000000
  -0.0000000000
  -0.0000000000
  -0.0000000000
  -0.0000000000
  -0.0000000000
  -0.0000000000
  -0.0000000000
  -0.0000000000
  -0.0000000000
  -0.0000000000
  -0.0000000000
  -0.0000000000
  -0.0000000000
  -0.0000000000
  -0.0000000000
  -0.0000000000
  -0.0000000000
   0.2828756433
  -0.1414378068
   0.1414378147
   0.1414378201
  -0.0707189034
   0.0707189066
  -0.1414378201
   0.0707189042
  -0.0707189073
   0.2828756433
   0.1414378147
  -0.1414378068
  -0.1414378201
  -0.0707189073
   0.0707189042
   0.1414378201
   0.0707189066
  -0.0707189034
  -0.0707189034
   0.1414378201
   0.0707189066
  -0.1414378068
   0.2828756433
   0.1414378147
   0.0707189042
  -0.1414378201
  -0.0707189073
  -0.0707189073
  -0.1414378201
   0.0707189042
   0.1414378147
   0.2828756433
  -0.1414378068
   0.0707189066
   0.1414378201
  -0.0707189034
  -0.0707189034
   0.0707189066
   0.1414378201
   0.0707189042
  -0.0707189073
  -0.1414378201
  -0.1414378068
   0.1414378147
   0.2828756433
  -0.0707189073
   0.0707189042
  -0.1414378201
   0.0707189066
  -0.0707189034
   0.1414378201
   0.1414378147
  -0.1414378068
   0.2828756433
   0.2828756331
  -0.1414378147
  -0.1414378147
   0.1414378181
  -0.0707189073
  -0.0707189066
   0.1414378181
  -0.0707189066
  -0.0707189073
  -0.0707189073
   0.1414378181
  -0.0707189066
  -0.1414378147
   0.2828756331
  -0.1414378147
  -0.0707189066
   0.1414378181
  -0.0707189073
  -0.0707189073
  -0.0707189066
   0.1414378181
  -0.0707189066
  -0.0707189073
   0.1414378181
  -0.1414378147
  -0.1414378147
   0.2828756331
