   7.9049175102
 -13.8387549414
   0.6179925252
 -13.8387548752
  -0.0000000000
  46.0916027567
   0.6179925252
  46.0916027567
  -5.9891328008
   5.9847959921
  -1.8572375274
  50.5769471443
  -1.8572375274
  13.8907981015
   5.1055099493
  50.5769471443
   5.1055100155
   5.9869643965
  -5.9891328008
  41.3601444760
   0.8597700067
  41.3601444760
  -0.0000000000
   4.3454850866
   0.8597700067
   4.3454850205
   7.9049175102
  -6.2200674665
  -2.6020875301
 -10.6251824815
  -3.0769657490
  -5.2247702527
 -13.7465992540
 -10.9179160093
 -13.7465995021
  -5.2844012398
  -5.2258545045
  -3.0769657655
 -13.7465995021
  -2.6010000854
  -6.2211524628
 -10.6230100405
 -13.7465995021
 -10.9179157611
  -5.2854855081
  -5.6432722582
  -5.7235035002
 -10.9179160093
  -5.7235032520
  -5.6421880064
 -10.9190000129
 -10.6251824815
 -10.6251824815
  -6.2796999757
  -7.2186174688
  -1.7715874748
   4.0169675270
   4.2153777488
 -13.6089057518
 -13.5666217512
  10.5633817665
 -13.5666215031
 -13.6067372564
   6.2200677560
   1.8941009968
  -7.1405554914
  -4.8799950371
  13.7628625761
  11.1629474870
 -13.5666215031
  10.5612135276
  13.6024004974
   6.6429067439
  -1.1113072516
  -3.9530012532
  -7.0440615064
  13.6089057518
  10.5601292427
 -11.1661975127
  11.1618624907
  13.7650325686
   7.2782500442
  -4.3790925747
  10.1643950362
   1.8951852486
   5.2236860009
  -7.1405557396
   9.5626629959
 -14.5651720017
   7.1199557577
  -7.1177872376
   3.7166452458
 -12.5669872572
  -1.7715850264
  -6.2211524628
   4.0158849792
 -12.5669872572
  11.5586795098
  -7.1177872376
   7.1199557577
  -6.5431600034
   9.5626632440
  -1.1134757387
   5.6432722582
  -3.9519170014
  10.1633100399
 -12.1614950409
   7.2782500442
  13.7650325686
  11.1033125294
  -4.9374550391
  10.6815597372
  13.6067372564
  -7.1036927582
  -3.9540852569
  -7.1416397515
   6.2840360068
  13.6024004974
  10.6815597702
  -7.1004397629
  11.1011474999
  13.7639475061
  -4.9374600022
  -7.1427239868
  -3.9530012532
   6.2807832597
 -13.6067372564
 -13.5059062641
   4.0939475026
 -13.5059064957
 -13.6067372564
   4.0939474695
   3.7773600381
   3.7773600381
  -7.2782499780
  -6.2200674665
  -3.0769657490
 -10.9179160093
  -2.6020874639
  -5.2247702527
 -13.7465995021
 -10.6251824815
 -13.7465992540
  -5.2844012481
  -5.2258545045
  -2.6010001515
 -13.7465995104
  -3.0769657490
  -6.2211524628
 -10.9179157446
 -13.7465995104
 -10.6230100405
  -5.2854854999
  -5.6432722499
  -5.7235032520
 -10.6251824815
  -5.7235035002
  -5.6421879981
 -10.6251824815
 -10.9179160093
 -10.9190000129
  -6.2796999757
   5.5088312384
   3.0097449992
   2.8319360084
   3.0097449992
   6.3859507629
   6.0715321990
   2.8319359753
   6.0715321990
   6.3859507629
   6.3837824412
   3.0108292345
   6.0715322983
   3.0108292345
   5.5066629333
   2.8330202436
   6.0715322983
   2.8330202105
   6.3837824412
   6.3859507629
   6.0693637450
   3.1908069936
   6.0693637450
   6.3859507629
   3.1908069936
   3.1908069936
   3.1908069936
   5.5088312384
   0.8814563662
   0.2049142437
   0.2049142437
  -0.2059982804
   0.3740497991
   0.8554354314
  -0.2059982804
   0.8554354314
   0.3740497991
   0.0000001985
  -0.1561249805
   0.0520416712
  -0.1561249888
   0.0000000662
  -0.1040835078
   0.0520415554
   0.1040832431
   0.0000000827
   0.0000000827
   0.0520415885
  -0.1561252121
   0.0520417043
  -0.0000000165
   0.1040835409
  -0.1561252535
  -0.1040835078
  -0.0000000331
  -0.0000001323
  -0.1561252865
  -0.1040835078
  -0.1561247158
  -0.0000000000
   0.0520416381
   0.1040832762
   0.0520416050
   0.0000000331
   0.3729654646
  -0.2059985120
   0.8521826925
   0.2059982473
   0.8825406015
   0.2059982473
   0.8521826925
  -0.2059985120
   0.3729654646
   0.0000000331
   0.0520416050
   0.1040832762
   0.0520416381
  -0.0000000000
  -0.1561247158
  -0.1040835078
  -0.1561252865
  -0.0000001323
  -0.0000000331
  -0.1040835078
  -0.1561252535
   0.1040835409
  -0.0000000165
   0.0520417043
  -0.1561252121
   0.0520415885
   0.0000000827
   0.0000000827
   0.1040832431
   0.0520415554
  -0.1040835078
   0.0000000662
  -0.1561249888
   0.0520416712
  -0.1561249805
   0.0000001985
   1.0939599920
   1.3346528743
  -0.2059982804
   1.3346528743
   1.0939599920
  -0.2059982804
   0.4445227253
   0.4445227253
   0.8814563662
  -7.2186174027
   4.2153777488
  10.5633817500
  -1.7715874748
 -13.6089057435
 -13.5666215031
   4.0169675270
 -13.5666217512
 -13.6067372481
   6.2200677560
  -4.8799951033
 -13.5666215031
   1.8941009968
  13.7628625761
  10.5612135111
  -7.1405554997
  11.1629475531
  13.6024004974
   6.6429067439
  -7.0440614981
 -11.1661975789
  -1.1113072516
  13.6089057435
  11.1618625569
  -3.9530012532
  10.5601292593
  13.7650325686
   0.8814563662
  -0.2059982804
  -0.2059982804
   0.2049142437
   0.3740497991
   0.8554354314
   0.2049142437
   0.8554354314
   0.3740497991
   0.0000001985
  -0.1561249888
   0.0520415554
  -0.1561249805
   0.0000000662
   0.1040832431
   0.0520416712
  -0.1040835078
   0.0000000827
   0.0000000827
   0.0520417043
  -0.1561252535
   0.0520415885
  -0.0000000165
  -0.1040835078
  -0.1561252452
   0.1040835078
  -0.0000000331
   5.5109997420
   3.0379344956
  -4.7444687316
   3.0379344956
  12.2547372549
   5.6931456077
  -4.7444687316
   5.6931456077
  12.2547372549
  -6.3837823089
  -2.8612094918
   7.5677312467
  -2.8612094918
 -12.4542303223
  -2.6920739943
   7.5677312467
  -2.6920739943
 -12.2536528045
  -6.3859507629
  -0.6971421293
   4.7444687564
  -0.6971421293
 -12.0151285086
  -2.6931584942
   4.7444687564
  -2.6931585273
 -12.4574829949
  -0.0000000662
   0.1040832183
   0.1572092488
  -0.1040832679
   0.0000000165
   0.0520418035
   0.1572089924
   0.0520416216
  -0.0000000496
  -0.0000001820
   0.1040835078
   0.0520416712
  -0.1040832679
   0.0000000662
   0.1561247241
   0.0520417539
   0.1561252452
  -0.0000000827
  -1.0939599424
   0.6147425987
  -0.2049144753
   1.3335686887
  -1.0939599920
   0.2049139790
   0.2049142437
  -0.2049142437
  -1.1210652118
   0.0000000662
   0.1572092488
   0.1040834830
   0.1572095135
  -0.0000000000
   0.0520417870
  -0.1040834995
   0.0520418532
  -0.0000000827
  -0.3729656962
  -0.2038300167
   0.6114898764
   0.2059987436
  -1.1210650464
  -0.2038300167
   0.8565197163
   0.2059987436
  -0.3729656962
  -0.0000000827
   0.0520417870
   0.1040834830
   0.0520418532
  -0.0000000000
   0.1572092157
  -0.1040834830
   0.1572095135
   0.0000000662
   7.2782501103
   1.8951852486
   9.5626630124
  -4.3790926408
   5.2236860009
 -14.5651720017
  10.1643949700
  -7.1405557479
   7.1199557577
  -7.1177872458
  -1.7715850264
 -12.5669872489
   3.7166452458
  -6.2211524628
  11.5586794932
 -12.5669872572
   4.0158849792
  -7.1177872458
   7.1199557577
  -1.1134757469
  10.1633099737
  -6.5431599951
   5.6432722499
 -12.1614950409
   9.5626632606
  -3.9519170014
   7.2782501103
  -0.0000001323
  -0.1561247158
   0.1040832762
  -0.1561252865
  -0.0000000000
   0.0520416050
  -0.1040835078
   0.0520416381
   0.0000000331
   0.3729654646
   0.2059982308
   0.8521826925
  -0.2059985120
   0.8825406015
  -0.2059985120
   0.8521826925
   0.2059982308
   0.3729654646
   0.0000000331
   0.0520416381
  -0.1040835078
   0.0520416050
  -0.0000000000
  -0.1561252865
   0.1040832762
  -0.1561247158
  -0.0000001323
  -0.0000000662
  -0.1040832679
   0.1572089759
   0.1040832183
   0.0000000165
   0.0520416216
   0.1572092157
   0.0520418035
  -0.0000000496
  -0.0000001820
  -0.1040832514
   0.0520417539
   0.1040835244
   0.0000000662
   0.1561252452
   0.0520416712
   0.1561247406
  -0.0000000827
  -1.0939599424
   1.3335686887
   0.2049142437
   0.6147425987
  -1.0939599920
  -0.2049142602
  -0.2049144753
   0.2049139790
  -1.1210652118
 -12.4553144913
  -2.8568724929
  -2.6909899906
  -2.8568724929
  -6.3859507629
   7.5644784913
  -2.6909899906
   7.5644784913
 -12.2547372549
  12.2525689498
   3.0379345038
   5.6942298595
   3.0379345038
   5.5066629333
  -4.7444687564
   5.6942298595
  -4.7444687564
  12.2525689498
 -12.0151285086
  -0.6971419804
  -2.6909899575
  -0.6971419804
  -6.3859507629
   4.7433844715
  -2.6909899906
   4.7433844715
 -12.4553144913
  -1.1210652118
   0.2059982142
  -0.2049144753
  -0.2049142602
  -0.3740497991
   0.6147425987
   0.2059982473
   0.8543513285
  -0.3740497495
  -0.0000000827
   0.1561247406
   0.0520416712
   0.1561252452
   0.0000000662
   0.1040835244
   0.0520417539
  -0.1040832514
  -0.0000001820
  -0.0000000496
   0.0520418035
   0.1572092157
   0.0520416216
   0.0000000165
   0.1040832183
   0.1572089759
  -0.1040832679
  -0.0000000662
  13.7650325686
  10.6815597537
  -3.9540852569
  11.1033124632
  13.6067372481
  -7.1416397515
  -4.9374550391
  -7.1036927499
   6.2840359985
  13.6024004974
  11.1011475661
  -7.1427239951
  10.6815597702
  13.7639475061
  -3.9530012532
  -7.1004397546
  -4.9374599360
   6.2807832597
 -13.6067372481
 -13.5059064957
   3.7773600381
 -13.5059062559
 -13.6067372481
   3.7773600381
   4.0939475026
   4.0939474860
  -7.2782499118
  -0.0000000331
   0.1040835078
  -0.1561252452
  -0.1040835078
  -0.0000000165
   0.0520415885
  -0.1561252535
   0.0520417043
   0.0000000827
   0.0000000827
  -0.1040835078
   0.0520416712
   0.1040832431
   0.0000000662
  -0.1561249805
   0.0520415554
  -0.1561249888
   0.0000001985
   1.0939599920
   1.3346528743
   0.4445227253
   1.3346528743
   1.0939599920
   0.4445227253
  -0.2059982804
  -0.2059982804
   0.8814563662
   0.0000000662
   0.1572095135
  -0.1040834830
   0.1572092157
  -0.0000000000
   0.0520418532
   0.1040834830
   0.0520417870
  -0.0000000827
  -0.3729656962
   0.2059987436
   0.8565197163
  -0.2038300167
  -1.1210650464
   0.2059987436
   0.6114898764
  -0.2038300167
  -0.3729656962
  -0.0000000827
   0.0520418532
  -0.1040834995
   0.0520417870
  -0.0000000000
   0.1572095135
   0.1040834830
   0.1572092488
   0.0000000662
  -1.1210652118
  -0.2049142437
   0.2059982473
   0.2059982142
  -0.3740497991
   0.8543513285
  -0.2049144753
   0.6147425987
  -0.3740497495
  -0.0000000827
   0.1561252452
   0.0520417539
   0.1561247241
   0.0000000662
  -0.1040832679
   0.0520416712
   0.1040835078
  -0.0000001820
  -0.0000000496
   0.0520416216
   0.1572089924
   0.0520418035
   0.0000000165
  -0.1040832679
   0.1572092488
   0.1040832183
  -0.0000000662
 -12.4574829949
   2.9750507613
   4.8062682472
   2.9750507613
 -12.2547372549
   7.4452163515
   4.8062682472
   7.4452163515
  -6.3859507629
 -12.2536528045
   2.9750509929
   7.4495532099
   2.9750509929
 -12.4542303223
   4.8040999834
   7.4495532099
   4.8040999834
  -6.3837823089
  12.0151285086
  -0.6353425558
  -4.5655755055
  -0.6353425558
  12.0151285086
  -4.5655755055
  -4.5655755055
  -4.5655755055
   5.5109997420
 -13.1746082527
  -3.9457605112
  -9.6759707256
  -3.9457605112
 -11.7775987484
 -12.9165472907
  -9.6759707256
 -12.9165472907
 -11.7775987484
 -11.7765145131
  -3.9457605112
 -12.9143790352
  -3.9457605112
 -13.1756922564
  -9.6748867219
 -12.9143790352
  -9.6748867219
 -11.7765145131
 -11.5367040010
  -7.1841687712
  -9.6748867219
  -7.1841687712
 -11.5367040010
  -9.6748867219
  -9.6748867219
  -9.6748867219
 -13.1756922564
   6.3420224762
   2.9569000033
  10.9175160178
   2.9009575469
   5.4044880041
  13.7468107475
  10.6239325785
  13.7468107475
   5.4652032514
   5.4044877560
   2.8998749329
  13.7468107475
   2.9568997551
   6.3420224762
  10.9196842567
  13.7468107475
  10.6228499645
   5.4652030032
   5.8242757544
   5.7829422505
  10.6228499645
   5.7829422505
   5.8242757544
  10.6228499645
  10.9196842567
  10.9196842567
   6.4016549191
  -0.8812220425
  -0.2050804987
  -0.2050804987
   0.4448910192
  -0.6147510008
  -0.8545614685
   0.4448910192
  -0.8545614696
  -0.6147510018
   0.0000000496
   0.1562849903
  -0.0520948093
   0.1562847422
  -0.0000001323
   0.1041899825
  -0.0520949230
  -0.1041900156
   0.0000001654
   0.0000000501
  -0.0520948093
   0.1562849903
  -0.0520949230
   0.0000001654
  -0.1041900156
   0.1562847422
   0.1041899825
  -0.0000001323
  -0.0000000993
   0.1573690105
   0.1041902472
   0.1562847256
   0.0000000993
  -0.0520949085
  -0.1041897840
  -0.0520948734
   0.0000000662
  -0.6147511993
   0.4448910192
  -0.8545616660
  -0.2050804822
  -0.8801378072
  -0.2050804822
  -0.8545616671
   0.4448910192
  -0.6147511993
   0.0000001654
  -0.0520949230
  -0.1041900156
  -0.0520948093
   0.0000000501
   0.1562849903
   0.1041902141
   0.1562847422
  -0.0000001323
  -0.0000000993
   0.1041902472
   0.1573690105
  -0.1041897840
   0.0000000662
  -0.0520948734
   0.1562847256
  -0.0520949085
   0.0000000982
   0.0000001654
  -0.1041900156
  -0.0520949230
   0.1041899825
  -0.0000001323
   0.1562847422
  -0.0520948093
   0.1562849903
   0.0000000491
  -0.3749407026
  -0.6147511693
   0.4448910192
  -0.6147511704
  -0.3749407026
   0.4448910192
  -0.2050805153
  -0.2050805153
  -0.8801378072
   6.3420224762
   2.9009574807
  10.6239325123
   2.9568999867
   5.4044880124
  13.7468107475
  10.9175160013
  13.7468107475
   5.4652032596
   5.4044877643
   2.9568997551
  13.7468107475
   2.8998749990
   6.3420224762
  10.6228500307
  13.7468107475
  10.9196842733
   5.4652030115
   5.8242757626
   5.7829422423
  10.9196842733
   5.7829422423
   5.8242757626
  10.9196842733
  10.6228500307
  10.6228500307
   6.4016549853
  14.7322649835
   6.3487950340
   7.2682800032
   6.3487951001
   0.0029179039
 -30.7857153905
   7.2682799370
 -30.7857153905
   0.0029179039
   0.0007494995
   6.3487949678
 -30.7846311879
   6.3487949678
  14.7322649835
   7.2682800032
 -30.7846311879
   7.2682799370
   0.0007495026
   0.0007494995
 -29.9250982748
  -6.1477625504
 -29.9250982748
   0.0007495057
  -6.1477625504
  -6.1477624842
  -6.1477624842
  14.6123599260
   6.3407950063
  -3.2793175029
  -9.5682149991
 -10.8616525240
   6.8243854885
   6.7245042484
 -10.8017000283
  12.4503777368
   6.8243854885
  -5.4050827387
   3.6962797613
  12.6912720045
  10.6245474715
  -7.4014649491
  -3.8401725604
  13.4478434874
  -9.8053180168
  -6.8243854967
  -5.8247509944
   6.1636494887
  10.0451282312
  13.3279379914
  -7.0641960089
  -4.0772759916
  10.5645950089
  -9.5692974807
  -7.4014649491
  -7.4014649491
  10.6234624752
  -3.8401700457
   3.6962797283
  -5.4039985035
  12.6912720045
  -9.8053180168
  13.4489274910
  -6.8243854967
   6.8243854885
 -10.8627367758
   6.7234197567
  -3.2804024992
   6.3407950063
  -9.5692999953
  12.4514614923
 -10.8027842801
   6.8243854885
  -7.0641960089
  13.3279379914
  -4.0772759916
   6.1636497534
  -5.8247509944
  10.0451282312
  -9.5692974807
  10.5645950089
  -7.4014649491
  -7.4014649491
  -9.5692974807
  10.5024725537
  -9.8053180168
  -6.8243854967
  13.3878904953
   3.6962797283
   6.1636497534
  -5.4639510074
  -6.8243854967
  -9.8053180168
  13.3868067399
  -9.5692974807
  -7.4014649491
  10.5035575500
   6.1636494887
   3.6962797613
  -5.4650354909
   7.0641960006
  12.4514614923
 -10.9226895197
  12.4514614923
   7.0641960006
 -10.9226895197
  -3.2804024992
  -3.2804024992
   6.4007474689
  -0.8812220425
   0.4448910192
   0.4448910192
  -0.2050804987
  -0.6147510008
  -0.8545614696
  -0.2050804987
  -0.8545614685
  -0.6147510018
   0.0000000496
   0.1562847422
  -0.0520949230
   0.1562849903
  -0.0000001323
  -0.1041900156
  -0.0520948093
   0.1041899494
   0.0000001654
   0.0000000501
  -0.0520949230
   0.1562847422
  -0.0520948093
   0.0000001654
   0.1041899494
   0.1562849903
  -0.1041900156
  -0.0000001323
   6.3407950063
 -10.8616525075
 -10.8017000118
  -3.2793175029
   6.8243854967
  12.4503777451
  -9.5682149991
   6.7245042484
   6.8243854967
  -5.4050827470
  10.6245474715
  13.4478434874
   3.6962797448
  -7.4014649491
  -9.8053180168
  12.6912719962
  -3.8401724942
  -6.8243855050
  -5.8247510027
  13.3279379914
  10.5645950089
   6.1636494970
  -7.0641960089
  -9.5692974145
  10.0451282312
  -4.0772760082
  -7.4014649491
 -13.1734022565
  10.3546402491
  10.2946877452
  10.3546402491
  -6.5071314984
 -13.0211603926
  10.2946877452
 -13.0211603926
  -6.5071314984
  11.7768330108
 -10.3546402491
 -13.2948580225
 -10.3546402491
   5.0303120186
   9.6002372451
 -13.2948580225
   9.6002372451
   6.5060472466
  11.5370224986
 -13.7733947558
 -10.6554874840
 -13.7733947558
   6.5060472466
   9.6002372451
 -10.6554874840
   9.6002372451
   5.0303120186
  -0.0000000000
  -0.1041899742
  -0.1562849903
   0.1041900073
   0.0010842353
  -0.0520949377
  -0.1562849820
  -0.0510107395
   0.0000000504
   0.0000000331
  -0.1041899742
  -0.0520949416
   0.1041900239
  -0.0000000000
  -0.1562849986
  -0.0520949706
  -0.1562849903
  -0.0000000002
   0.3749407378
  -0.8545616474
   0.2050805153
  -0.3749405072
   0.3749407378
   0.0347300052
   0.0347300052
   0.2050805153
   0.8812215462
  -0.0000000000
  -0.1562849903
  -0.1041899742
  -0.1562849820
   0.0000000496
  -0.0510107395
   0.1041900073
  -0.0520949385
   0.0010842353
   0.6147512324
   0.2050805153
  -0.8545616474
   0.0347300052
   0.8812215131
   0.2050805153
  -0.3749405072
   0.0347300052
   0.6147512334
   0.0000000331
  -0.0520949416
  -0.1041899742
  -0.0520949713
  -0.0000000010
  -0.1562849903
   0.1041900239
  -0.1562849986
  -0.0000000000
  -0.0000000993
   0.1562847256
  -0.1041897840
   0.1573690105
   0.0000000993
  -0.0520948734
   0.1041902472
  -0.0520949085
   0.0000000662
  -0.6147511993
  -0.2050804822
  -0.8545616671
   0.4448910192
  -0.8801378072
   0.4448910192
  -0.8545616660
  -0.2050804822
  -0.6147511993
   0.0000001654
  -0.0520948093
   0.1041902141
  -0.0520949230
   0.0000000501
   0.1562847422
  -0.1041900156
   0.1562849903
  -0.0000001323
  -7.4014649491
   3.6962797283
  -9.8053180168
  10.6234624752
  -5.4039984952
  13.4489274910
  -3.8401701119
  12.6912720045
  -6.8243855050
   6.8243854967
  -3.2804024992
  12.4514615006
 -10.8627367593
   6.3407950063
 -10.8027842636
   6.7234197567
  -9.5692999953
   6.8243854967
  -7.0641960089
   6.1636497452
  -9.5692974145
  13.3279379914
  -5.8247510027
  10.5645950089
  -4.0772760082
  10.0451282312
  -7.4014649491
  -0.0000000000
   0.1041900073
  -0.1562849820
  -0.1041899742
   0.0010842353
  -0.0510107395
  -0.1562849903
  -0.0520949377
   0.0000000504
   0.0000000331
   0.1041900239
  -0.0520949706
  -0.1041899742
  -0.0000000000
  -0.1562849903
  -0.0520949416
  -0.1562849986
  -0.0000000002
   0.3749407378
  -0.3749405072
   0.0347300052
  -0.8545616474
   0.3749407378
   0.2050805153
   0.2050805153
   0.0347300052
   0.8812215462
   5.0303120186
 -10.3546402491
   9.6002372451
 -10.3546402491
  11.7768330108
 -13.2948580225
   9.6002372451
 -13.2948580225
   6.5060472466
  -6.5060472466
  10.3557244844
 -13.0179077365
  10.3557244844
 -13.1744865248
  10.2957719804
 -13.0179077365
  10.2957719804
  -6.5060472466
   6.5060472466
 -13.7733947558
   9.6002372451
 -13.7733947558
  11.5370224986
 -10.6554877156
   9.6002372451
 -10.6554877156
   5.0303120186
   0.8812215131
   0.0347300052
   0.2050805153
   0.2050805153
   0.6147512324
  -0.8545616474
   0.0347300052
  -0.3749405072
   0.6147512324
   0.0000000013
  -0.1562849986
  -0.0520949416
  -0.1562849903
  -0.0000000000
  -0.1041899742
  -0.0520949703
   0.1041900239
   0.0000000331
   0.0000000003
  -0.0520949706
  -0.1562849903
  -0.0520949416
   0.0000000331
  -0.1041899742
  -0.1562849986
   0.1041900239
  -0.0000000000
  -0.0000000993
  -0.1041897840
   0.1562847256
   0.1041902472
   0.0000000662
  -0.0520949085
   0.1573690105
  -0.0520948734
   0.0000000982
   0.0000001654
   0.1041899494
  -0.0520948093
  -0.1041900156
  -0.0000001323
   0.1562849903
  -0.0520949230
   0.1562847422
   0.0000000491
  -0.3749407026
  -0.6147511704
  -0.2050805153
  -0.6147511693
  -0.3749407026
  -0.2050805153
   0.4448910192
   0.4448910192
  -0.8801378072
  -7.4014649491
  -9.8053180168
   3.6962797283
  -9.5692974145
  -6.8243855050
   6.1636497534
  10.5024725537
  13.3878904953
  -5.4639509992
  -6.8243855050
  -9.5692974145
   6.1636494970
  -9.8053180168
  -7.4014649491
   3.6962797448
  13.3868067399
  10.5035575500
  -5.4650354991
   7.0641960006
  12.4514615006
  -3.2804024992
  12.4514615006
   7.0641960006
  -3.2804024992
 -10.9226895032
 -10.9226895032
   6.4007474689
  -0.0000000000
  -0.1562849820
   0.1041900073
  -0.1562849903
   0.0000000496
  -0.0520949385
  -0.1041899742
  -0.0510107395
   0.0010842353
   0.6147512324
   0.0347300052
  -0.3749405072
   0.2050805153
   0.8812215131
   0.0347300052
  -0.8545616474
   0.2050805153
   0.6147512334
   0.0000000331
  -0.0520949713
   0.1041900239
  -0.0520949416
  -0.0000000010
  -0.1562849986
  -0.1041899742
  -0.1562849903
  -0.0000000000
   0.8812215131
   0.2050805153
   0.0347300052
   0.0347300052
   0.6147512324
  -0.3749405072
   0.2050805153
  -0.8545616474
   0.6147512324
   0.0000000013
  -0.1562849903
  -0.0520949703
  -0.1562849986
  -0.0000000000
   0.1041900239
  -0.0520949416
  -0.1041899742
   0.0000000331
   0.0000000003
  -0.0520949416
  -0.1562849986
  -0.0520949706
   0.0000000331
   0.1041900239
  -0.1562849903
  -0.1041899742
  -0.0000000000
   5.0303120186
   9.6002372451
 -10.3546402491
   9.6002372451
   6.5060472466
 -13.5335842601
 -10.3546402491
 -13.5335842601
  11.7768330108
   6.5060472466
   9.6002372451
 -13.5335842601
   9.6002372451
   5.0303120186
 -10.3546402491
 -13.5335842601
 -10.3546402491
  11.7768330108
  -6.5060472466
 -13.0179077365
  10.3557244844
 -13.0179077365
  -6.5060472466
  10.3557244844
  10.3557244844
  10.3557244844
 -13.1744865248
