  17.7212079682
  -0.0000000000
  -0.0000000000
  -0.0000000000
  17.7212079682
  -0.0000000000
  -0.0000000000
  -0.0000000000
  17.7212079682
  -4.5717151295
  -2.8762691081
  -2.8762691081
  -2.8762691081
  -4.5717151295
  -2.8762691081
  -2.8762691081
  -2.8762691081
  -4.5717151295
  -4.5717151295
   2.8763127957
   2.8763127957
   2.8762691081
  -4.5717644885
  -2.8763127957
   2.8762691081
  -2.8763127957
  -4.5717644885
  -4.5717644885
   2.8762691081
  -2.8763127957
   2.8763127957
  -4.5717151295
   2.8763127957
  -2.8763127957
   2.8762691081
  -4.5717644885
  -4.5717644885
  -2.8763127957
   2.8762691081
  -2.8763127957
  -4.5717644885
   2.8762691081
   2.8763127957
   2.8763127957
  -4.5717151295
   0.2828788626
   0.1414364456
   0.1414364456
  -0.1414379039
  -0.0707182317
  -0.0707174502
  -0.1414379039
  -0.0707174502
  -0.0707182317
   0.2828788626
  -0.1414391885
  -0.1414391885
   0.1414379039
  -0.0707195854
  -0.0707203668
   0.1414379039
  -0.0707203668
  -0.0707195854
   0.2828724057
   0.1414391885
  -0.1414364456
  -0.1414377302
  -0.0707195854
   0.0707174502
   0.1414377302
   0.0707203668
  -0.0707182317
   0.2828724057
  -0.1414364456
   0.1414391885
   0.1414377302
  -0.0707182317
   0.0707203668
  -0.1414377302
   0.0707174502
  -0.0707195854
  -0.0707182317
  -0.1414379039
  -0.0707174502
   0.1414364456
   0.2828788626
   0.1414364456
  -0.0707174502
  -0.1414379039
  -0.0707182317
  -0.0707195854
   0.1414379039
  -0.0707203668
  -0.1414391885
   0.2828788626
  -0.1414391885
  -0.0707203668
   0.1414379039
  -0.0707195854
  -0.0707195854
  -0.1414377302
   0.0707174502
   0.1414391885
   0.2828724057
  -0.1414364456
   0.0707203668
   0.1414377302
  -0.0707182317
  -0.0707182317
   0.1414377302
   0.0707203668
  -0.1414364456
   0.2828724057
   0.1414391885
   0.0707174502
  -0.1414377302
  -0.0707195854
  -0.0707182317
  -0.0707174502
  -0.1414379039
  -0.0707174502
  -0.0707182317
  -0.1414379039
   0.1414364456
   0.1414364456
   0.2828788626
  -0.0707195854
  -0.0707203668
   0.1414379039
  -0.0707203668
  -0.0707195854
   0.1414379039
  -0.1414391885
  -0.1414391885
   0.2828788626
  -0.0707195854
   0.0707174502
  -0.1414377302
   0.0707203668
  -0.0707182317
   0.1414377302
   0.1414391885
  -0.1414364456
   0.2828724057
  -0.0707182317
   0.0707203668
   0.1414377302
   0.0707174502
  -0.0707195854
  -0.1414377302
  -0.1414364456
   0.1414391885
   0.2828724057
  -0.0000000000
  -0.0000000000
  -0.0000000000
  -0.0000000000
  -0.0000000000
  -0.0000000000
  -0.0000000000
  -0.0000000000
  -0.0000000000
  -0.0000000000
  -0.0000000000
  -0.0000000000
  -0.0000000000
  -0.0000000000
  -0.0000000000
  -0.0000000000
  -0.0000000000
  -0.0000000000
  -0.0000000000
  -0.0000000000
  -0.0000000000
  -0.0000000000
  -0.0000000000
  -0.0000000000
  -0.0000000000
  -0.0000000000
  -0.0000000000
  -0.0000000000
  -0.0000000000
  -0.0000000000
  -0.0000000000
  -0.0000000000
  -0.0000000000
  -0.0000000000
  -0.0000000000
  -0.0000000000
  -0.0000000000
  -0.0000000000
  -0.0000000000
  -0.0000000000
  -0.0000000000
  -0.0000000000
  -0.0000000000
  -0.0000000000
  -0.0000000000
  -0.0000000000
  -0.0000000000
  -0.0000000000
  -0.0000000000
  -0.0000000000
  -0.0000000000
  -0.0000000000
  -0.0000000000
  -0.0000000000
  -0.0000000000
  -0.0000000000
  -0.0000000000
  -0.0000000000
  -0.0000000000
  -0.0000000000
  -0.0000000000
  -0.0000000000
  -0.0000000000
  -0.0000000000
  -0.0000000000
  -0.0000000000
  -0.0000000000
  -0.0000000000
  -0.0000000000
  -0.0000000000
  -0.0000000000
  -0.0000000000
  -0.0000000000
  -0.0000000000
  -0.0000000000
  -0.0000000000
  -0.0000000000
  -0.0000000000
  -0.0000000000
  -0.0000000000
  -0.0000000000
  -0.0000000000
  -0.0000000000
  -0.0000000000
  -0.0000000000
  -0.0000000000
  -0.0000000000
  -0.0000000000
  -0.0000000000
  -0.0000000000
  -0.0000000000
  -0.0000000000
  -0.0000000000
  -0.0000000000
  -0.0000000000
  -0.0000000000
  -0.0000000000
  -0.0000000000
  -0.0000000000
  -0.0000000000
  -0.0000000000
  -0.0000000000
  -0.0000000000
  -0.0000000000
  -0.0000000000
  -0.0000000000
  -0.0000000000
  -0.0000000000
  -4.5717644887
  -2.8763127959
  -2.8763127959
  -2.8763127959
  -4.5717644887
  -2.8763127959
  -2.8763127959
  -2.8763127959
  -4.5717644887
  17.7212079683
  -0.0000000000
  -0.0000000000
  -0.0000000000
  17.7212079683
  -0.0000000000
  -0.0000000000
  -0.0000000000
  17.7212079683
   0.2828724057
   0.1414391885
   0.1414391885
  -0.1414377302
  -0.0707195854
  -0.0707203668
  -0.1414377302
  -0.0707203668
  -0.0707195854
  -0.0707195854
  -0.1414377302
  -0.0707203668
   0.1414391885
   0.2828724057
   0.1414391885
  -0.0707203668
  -0.1414377302
  -0.0707195854
  -0.0707195854
  -0.0707203668
  -0.1414377302
  -0.0707203668
  -0.0707195854
  -0.1414377302
   0.1414391885
   0.1414391885
   0.2828724057
  -4.5717644887
   2.8762691081
   2.8762691081
   2.8763127959
  -4.5717151295
  -2.8762691081
   2.8763127959
  -2.8762691081
  -4.5717151295
  -0.0000000000
  -0.0000000000
  -0.0000000000
  -0.0000000000
  -0.0000000000
  -0.0000000000
  -0.0000000000
  -0.0000000000
  -0.0000000000
  -0.0000000000
  -0.0000000000
  -0.0000000000
  -0.0000000000
  -0.0000000000
  -0.0000000000
  -0.0000000000
  -0.0000000000
  -0.0000000000
  -4.5717151295
   2.8763127959
  -2.8762691081
   2.8762691081
  -4.5717644887
   2.8762691081
  -2.8762691081
   2.8763127959
  -4.5717151295
  -0.0000000000
  -0.0000000000
  -0.0000000000
  -0.0000000000
  -0.0000000000
  -0.0000000000
  -0.0000000000
  -0.0000000000
  -0.0000000000
  -0.0000000000
  -0.0000000000
  -0.0000000000
  -0.0000000000
  -0.0000000000
  -0.0000000000
  -0.0000000000
  -0.0000000000
  -0.0000000000
  -4.5717151295
  -2.8762691081
   2.8763127959
  -2.8762691081
  -4.5717151295
   2.8763127959
   2.8762691081
   2.8762691081
  -4.5717644887
  -0.0000000000
  -0.0000000000
  -0.0000000000
  -0.0000000000
  -0.0000000000
  -0.0000000000
  -0.0000000000
  -0.0000000000
  -0.0000000000
  -0.0000000000
  -0.0000000000
  -0.0000000000
  -0.0000000000
  -0.0000000000
  -0.0000000000
  -0.0000000000
  -0.0000000000
  -0.0000000000
   0.2828788626
  -0.1414391885
   0.1414364456
   0.1414379039
  -0.0707195854
   0.0707174502
  -0.1414379039
   0.0707203668
  -0.0707182317
   0.2828788626
   0.1414364456
  -0.1414391885
  -0.1414379039
  -0.0707182317
   0.0707203668
   0.1414379039
   0.0707174502
  -0.0707195854
  -0.0707195854
   0.1414379039
   0.0707174502
  -0.1414391885
   0.2828788626
   0.1414364456
   0.0707203668
  -0.1414379039
  -0.0707182317
  -0.0707182317
  -0.1414379039
   0.0707203668
   0.1414364456
   0.2828788626
  -0.1414391885
   0.0707174502
   0.1414379039
  -0.0707195854
  -0.0707195854
   0.0707174502
   0.1414379039
   0.0707203668
  -0.0707182317
  -0.1414379039
  -0.1414391885
   0.1414364456
   0.2828788626
  -0.0707182317
   0.0707203668
  -0.1414379039
   0.0707174502
  -0.0707195854
   0.1414379039
   0.1414364456
  -0.1414391885
   0.2828788626
   0.2828724057
  -0.1414364456
  -0.1414364456
   0.1414377302
  -0.0707182317
  -0.0707174502
   0.1414377302
  -0.0707174502
  -0.0707182317
  -0.0707182317
   0.1414377302
  -0.0707174502
  -0.1414364456
   0.2828724057
  -0.1414364456
  -0.0707174502
   0.1414377302
  -0.0707182317
  -0.0707182317
  -0.0707174502
   0.1414377302
  -0.0707174502
  -0.0707182317
   0.1414377302
  -0.1414364456
  -0.1414364456
   0.2828724057
