   0.0000277199
  -0.0000066100
  -0.0000060576
  -0.0000066100
  -0.0000000000
  27.4231884358
  -0.0000060576
  27.4231884358
  -0.0000064857
   0.0000064824
   0.0000073625
  27.4232019146
   0.0000073625
   0.0000341982
   0.0000074199
  27.4232019146
   0.0000074199
   0.0000064824
  -0.0000064857
  27.4231892197
  -0.0000061150
  27.4231892197
  -0.0000000000
  -0.0000066150
  -0.0000061150
  -0.0000066150
   0.0000277199
  -4.9359104599
  -4.3687709025
  -4.3687781850
  -4.5874264455
  -4.5874265487
  -7.1821916750
  -4.5874337347
  -7.1821916753
  -4.5874264882
  -4.5874265495
  -4.5874264415
  -7.1821916785
  -4.3687708925
  -4.9359104550
  -4.3687781800
  -7.1821916785
  -4.5874337292
  -4.5874264900
  -4.5874263677
  -7.1821845692
  -4.5874337347
  -7.1821845692
  -4.5874263677
  -4.5874337347
  -4.3687781850
  -4.3687781850
  -4.9359104000
  -4.9359224350
   4.3687709001
   4.3687709001
   4.5874270085
  -4.5874242915
  -7.1821917382
   4.5874270665
  -7.1821917997
  -4.5874242307
   4.5874385250
  -4.5874262052
  -7.1821846367
  -4.3687712150
   4.9359067650
   4.3687777000
  -7.1821848350
   4.5874337877
   4.5874242330
   4.5874383415
  -7.1821848132
  -4.5874263892
  -7.1821849530
   4.5874238720
   4.5874339137
  -4.3687712800
   4.3687780050
   4.9359067075
   4.9359132550
  -4.3687707174
   4.3687777049
  -4.5874262123
   4.5874265477
  -7.1821846332
   4.5874337945
  -7.1821913173
   4.5874307153
  -4.5874307770
   4.5874265007
  -7.1821917412
   4.3687708975
  -4.9359104550
   4.3687708950
  -7.1821918020
   4.5874335495
  -4.5874307165
   4.5874303562
  -7.1821844520
   4.5874339147
  -7.1821848132
   4.5874263690
  -4.5874263915
   4.3687780050
  -4.3687777650
   4.9359131950
   4.9359067675
   4.3687777050
  -4.3687712200
   4.5874337337
   4.5874242905
  -7.1821847743
  -4.5874262677
  -7.1821846917
   4.5874384623
   4.5874242923
   4.5874337280
  -7.1821847775
   4.3687777025
   4.9359067650
  -4.3687712150
  -7.1821846937
  -4.5874262603
   4.5874384652
  -4.5874238720
  -7.1821921585
   4.5874271870
  -7.1821921575
  -4.5874238720
   4.5874271870
   4.3687707224
   4.3687707224
  -4.9359223750
  -4.9359104599
  -4.5874264455
  -4.5874337347
  -4.3687709025
  -4.5874265487
  -7.1821916753
  -4.3687781849
  -7.1821916750
  -4.5874264882
  -4.5874265495
  -4.3687708925
  -7.1821916785
  -4.5874264415
  -4.9359104550
  -4.5874337292
  -7.1821916785
  -4.3687781800
  -4.5874264900
  -4.5874263677
  -7.1821845692
  -4.3687781850
  -7.1821845692
  -4.5874263677
  -4.3687781850
  -4.5874337347
  -4.5874337347
  -4.9359104000
   4.9359146080
   4.5874269695
   4.5874269682
   4.5874269695
   4.3687760050
   7.1821862055
   4.5874269682
   7.1821862055
   4.3687760050
   4.3687760039
   4.5874269692
   7.1821862010
   4.5874269692
   4.9359146044
   4.5874269682
   7.1821862010
   4.5874269682
   4.3687760039
   4.3687760050
   7.1821862065
   4.5874269682
   7.1821862065
   4.3687760050
   4.5874269682
   4.5874269682
   4.5874269682
   4.9359146080
   1.2913830757
  -0.0694598045
  -0.0694598045
   0.0694598045
   0.2360208525
   0.5485907746
   0.0694598045
   0.5485907746
   0.2360208525
  -0.0000000001
  -0.1562848810
   0.0520949602
  -0.1562848808
  -0.0000000001
  -0.1041899207
   0.0520949603
   0.1041899205
   0.0000000000
  -0.0000000000
   0.0520949614
  -0.1562848807
   0.0520949594
   0.0000000012
   0.1041899195
  -0.1562848798
  -0.1041899195
   0.0000000001
   0.0000000001
  -0.1562848797
  -0.1041899195
  -0.1562848810
  -0.0000000000
   0.0520949614
   0.1041899195
   0.0520949591
   0.0000000001
   0.2360208512
   0.0694598047
   0.5485907758
  -0.0694598070
   1.2913830768
  -0.0694598070
   0.5485907758
   0.0694598047
   0.2360208512
   0.0000000011
   0.0520949591
   0.1041899195
   0.0520949615
  -0.0000000000
  -0.1562848810
  -0.1041899197
  -0.1562848797
   0.0000000001
   0.0000000001
  -0.1041899197
  -0.1562848798
   0.1041899195
   0.0000000001
   0.0520949594
  -0.1562848807
   0.0520949613
  -0.0000000000
   0.0000000000
   0.1041899205
   0.0520949603
  -0.1041899207
  -0.0000000001
  -0.1562848808
   0.0520949602
  -0.1562848810
  -0.0000000001
   0.2360215724
   0.5485912538
   0.0694598045
   0.5485912538
   0.2360215724
   0.0694598045
  -0.0694595650
  -0.0694595650
   1.2913830757
  -4.9359224349
   4.5874270085
   4.5874270665
   4.3687709001
  -4.5874242915
  -7.1821917997
   4.3687709001
  -7.1821917382
  -4.5874242308
   4.5874385250
  -4.3687712150
  -7.1821848350
  -4.5874262052
   4.9359067650
   4.5874337878
  -7.1821846367
   4.3687776999
   4.5874242330
   4.5874383415
  -7.1821849530
  -4.3687712799
  -7.1821848132
   4.5874238720
   4.3687780050
  -4.5874263893
   4.5874339137
   4.9359067074
   1.2913830757
   0.0694598045
   0.0694598045
  -0.0694598045
   0.2360208525
   0.5485907746
  -0.0694598045
   0.5485907746
   0.2360208525
  -0.0000000001
  -0.1562848808
   0.0520949603
  -0.1562848810
  -0.0000000001
   0.1041899205
   0.0520949602
  -0.1041899207
   0.0000000000
  -0.0000000000
   0.0520949594
  -0.1562848798
   0.0520949614
   0.0000000012
  -0.1041899195
  -0.1562848807
   0.1041899195
   0.0000000001
   4.9359146100
  -4.5874262883
  -4.5874336348
  -4.5874262883
   4.3687573255
   7.1821925727
  -4.5874336348
   7.1821925727
   4.3687573255
  -4.3687760041
   4.5874262893
   7.1821926281
   4.5874262893
  -4.9358883778
  -4.5874336383
   7.1821926281
  -4.5874336383
  -4.3687573263
  -4.3687760060
   7.1821843860
   4.5874338150
   7.1821843860
  -4.3687573255
  -4.5874336373
   4.5874338150
  -4.5874336373
  -4.9358883832
  -0.0000000001
   0.1041899208
   0.1562848810
  -0.1041899218
  -0.0000000001
   0.0520949603
   0.1562848808
   0.0520949601
   0.0000000002
  -0.0000000000
   0.1041899207
   0.0520949604
  -0.1041899205
  -0.0000000001
   0.1562848810
   0.0520949602
   0.1562848808
   0.0000000001
  -0.2360215722
   0.5485907756
   0.0694598045
   0.5485907746
  -0.2360215724
  -0.0694595650
  -0.0694595653
   0.0694598045
  -1.2913823569
   0.0000000001
   0.1562848807
   0.1041899205
   0.1562848812
  -0.0000000000
   0.0520949604
  -0.1041899215
   0.0520949604
  -0.0000000000
  -0.2360208513
   0.0694598068
   0.5485907801
  -0.0694598068
  -1.2913823547
   0.0694598068
   0.5485907735
  -0.0694598068
  -0.2360208513
  -0.0000000010
   0.0520949603
   0.1041899205
   0.0520949601
  -0.0000000000
   0.1562848810
  -0.1041899217
   0.1562848813
   0.0000000001
   4.9359132550
  -4.5874262122
   4.5874337945
  -4.3687707175
   4.5874265477
  -7.1821913173
   4.3687777049
  -7.1821846332
   4.5874307153
  -4.5874307770
   4.3687708975
  -7.1821918020
   4.5874265007
  -4.9359104550
   4.5874335495
  -7.1821917412
   4.3687708950
  -4.5874307165
   4.5874303562
  -7.1821848132
   4.3687780050
  -7.1821844520
   4.5874263690
  -4.3687777651
   4.5874339147
  -4.5874263915
   4.9359131950
   0.0000000001
  -0.1562848810
   0.1041899195
  -0.1562848798
  -0.0000000000
   0.0520949591
  -0.1041899195
   0.0520949614
   0.0000000001
   0.2360208512
  -0.0694598070
   0.5485907758
   0.0694598047
   1.2913830768
   0.0694598047
   0.5485907758
  -0.0694598070
   0.2360208512
   0.0000000011
   0.0520949615
  -0.1041899197
   0.0520949591
  -0.0000000000
  -0.1562848798
   0.1041899195
  -0.1562848810
   0.0000000001
  -0.0000000001
  -0.1041899218
   0.1562848808
   0.1041899207
  -0.0000000001
   0.0520949601
   0.1562848810
   0.0520949603
   0.0000000002
  -0.0000000000
  -0.1041899205
   0.0520949602
   0.1041899208
  -0.0000000001
   0.1562848808
   0.0520949604
   0.1562848810
   0.0000000001
  -0.2360215722
   0.5485907746
  -0.0694595653
   0.5485907756
  -0.2360215724
   0.0694598045
   0.0694598045
  -0.0694595650
  -1.2913823569
  -4.9358883798
   4.5874262893
  -4.5874336360
   4.5874262893
  -4.3687760050
   7.1821926313
  -4.5874336360
   7.1821926313
  -4.3687573230
   4.3687573242
  -4.5874262928
   7.1821925708
  -4.5874262928
   4.9359146044
  -4.5874336395
   7.1821925708
  -4.5874336395
   4.3687573242
  -4.3687573230
   7.1821843872
  -4.5874336363
   7.1821843872
  -4.3687760050
   4.5874338147
  -4.5874336363
   4.5874338147
  -4.9358883798
  -1.2913823569
  -0.0694598048
   0.0694598045
   0.0694598045
  -0.2360208525
   0.5485907756
  -0.0694598048
   0.5485907746
  -0.2360208512
   0.0000000001
   0.1562848810
   0.0520949604
   0.1562848808
  -0.0000000001
   0.1041899208
   0.0520949602
  -0.1041899205
  -0.0000000000
  -0.0000000001
   0.0520949603
   0.1562848810
   0.0520949603
  -0.0000000012
   0.1041899207
   0.1562848808
  -0.1041899215
  -0.0000000001
   4.9359067675
   4.5874337337
  -4.5874262678
   4.3687777051
   4.5874242905
  -7.1821846917
  -4.3687712200
  -7.1821847743
   4.5874384623
   4.5874242923
   4.3687777025
  -7.1821846937
   4.5874337280
   4.9359067650
  -4.5874262602
  -7.1821847775
  -4.3687712149
   4.5874384652
  -4.5874238720
  -7.1821921575
   4.3687707224
  -7.1821921585
  -4.5874238720
   4.3687707224
   4.5874271870
   4.5874271870
  -4.9359223750
   0.0000000001
   0.1041899195
  -0.1562848807
  -0.1041899197
   0.0000000001
   0.0520949613
  -0.1562848798
   0.0520949594
  -0.0000000000
   0.0000000000
  -0.1041899207
   0.0520949602
   0.1041899205
  -0.0000000001
  -0.1562848810
   0.0520949603
  -0.1562848808
  -0.0000000001
   0.2360215724
   0.5485912538
  -0.0694595650
   0.5485912538
   0.2360215724
  -0.0694595650
   0.0694598045
   0.0694598045
   1.2913830757
   0.0000000001
   0.1562848812
  -0.1041899215
   0.1562848807
  -0.0000000000
   0.0520949604
   0.1041899205
   0.0520949604
  -0.0000000000
  -0.2360208513
  -0.0694598068
   0.5485907735
   0.0694598068
  -1.2913823547
  -0.0694598068
   0.5485907801
   0.0694598068
  -0.2360208513
  -0.0000000010
   0.0520949601
  -0.1041899217
   0.0520949603
  -0.0000000000
   0.1562848813
   0.1041899205
   0.1562848810
   0.0000000001
  -1.2913823569
   0.0694598045
  -0.0694598048
  -0.0694598048
  -0.2360208525
   0.5485907746
   0.0694598045
   0.5485907756
  -0.2360208512
   0.0000000001
   0.1562848808
   0.0520949602
   0.1562848810
  -0.0000000001
  -0.1041899205
   0.0520949604
   0.1041899207
  -0.0000000000
  -0.0000000001
   0.0520949603
   0.1562848808
   0.0520949603
  -0.0000000012
  -0.1041899215
   0.1562848810
   0.1041899208
  -0.0000000001
  -4.9358883832
  -4.5874336382
   4.5874338160
  -4.5874336383
  -4.3687573255
   7.1821926316
   4.5874338160
   7.1821926316
  -4.3687760060
  -4.3687573263
  -4.5874336405
   7.1821926281
  -4.5874336405
  -4.9358883778
   4.5874338167
   7.1821926281
   4.5874338167
  -4.3687760041
   4.3687573255
   7.1821925728
  -4.5874336360
   7.1821925728
   4.3687573255
  -4.5874336360
  -4.5874336360
  -4.5874336360
   4.9359146100
  -4.9359232520
  -4.5874272240
  -4.5874272220
  -4.5874272240
  -4.3687814152
  -7.1821859840
  -4.5874272220
  -7.1821859840
  -4.3687814152
  -4.3687814152
  -4.5874272250
  -7.1821859818
  -4.5874272250
  -4.9359232530
  -4.5874272230
  -7.1821859818
  -4.5874272230
  -4.3687814152
  -4.3687814152
  -7.1821864637
  -4.5874272230
  -7.1821864637
  -4.3687814152
  -4.5874272230
  -4.5874272230
  -4.5874272230
  -4.9359232530
   4.9359099224
   4.5874267498
   4.5874339760
   4.3687707800
   4.5874263655
   7.1821918595
   4.3687780075
   7.1821918595
   4.5874263655
   4.5874263665
   4.3687707775
   7.1821918573
   4.5874267475
   4.9359099200
   4.5874339750
   7.1821918573
   4.3687780050
   4.5874263665
   4.5874261267
   7.1821848707
   4.3687780050
   7.1821848707
   4.5874261267
   4.3687780050
   4.5874339750
   4.5874339750
   4.9359099201
  -1.2913828381
   0.0694595650
   0.0694595650
  -0.0694598052
  -0.2360210900
  -0.5485907726
  -0.0694598052
  -0.5485907726
  -0.2360210900
  -0.0000000001
   0.1562848808
  -0.0520949602
   0.1562848805
   0.0000000001
   0.1041899205
  -0.0520949602
  -0.1041899205
  -0.0000000001
  -0.0000000001
  -0.0520949602
   0.1562848805
  -0.0520949602
  -0.0000000000
  -0.1041899205
   0.1562848808
   0.1041899205
   0.0000000001
  -0.0000000000
   0.1562848795
   0.1041899205
   0.1562848807
  -0.0000000022
  -0.0520949600
  -0.1041899205
  -0.0520949625
  -0.0000000001
  -0.2360210923
  -0.0694598052
  -0.5485907747
   0.0694595650
  -1.2913828371
   0.0694595650
  -0.5485907749
  -0.0694598052
  -0.2360210923
  -0.0000000000
  -0.0520949602
  -0.1041899205
  -0.0520949602
   0.0000000002
   0.1562848805
   0.1041899205
   0.1562848808
   0.0000000000
  -0.0000000000
   0.1041899205
   0.1562848795
  -0.1041899205
  -0.0000000001
  -0.0520949625
   0.1562848807
  -0.0520949600
  -0.0000000022
  -0.0000000001
  -0.1041899205
  -0.0520949599
   0.1041899205
   0.0000000001
   0.1562848805
  -0.0520949602
   0.1562848808
  -0.0000000001
  -0.2360213321
  -0.5485905349
  -0.0694595652
  -0.5485905349
  -0.2360213321
  -0.0694595652
   0.0694595650
   0.0694595650
  -1.2913828371
   4.9359099225
   4.3687707800
   4.3687780075
   4.5874267497
   4.5874263655
   7.1821918595
   4.5874339760
   7.1821918595
   4.5874263655
   4.5874263665
   4.5874267475
   7.1821918572
   4.3687707775
   4.9359099200
   4.3687780050
   7.1821918572
   4.5874339750
   4.5874263665
   4.5874261267
   7.1821848708
   4.5874339750
   7.1821848708
   4.5874261267
   4.5874339750
   4.3687780050
   4.3687780050
   4.9359099200
   0.0000016774
   0.0000007250
   0.0000006075
   0.0000007250
   0.0000000006
 -27.4231957215
   0.0000006075
 -27.4231957215
   0.0000000006
   0.0000000006
   0.0000007325
 -27.4231957193
   0.0000007325
   0.0000016774
   0.0000006125
 -27.4231957193
   0.0000006125
   0.0000000006
   0.0000000006
 -27.4231959602
   0.0000006126
 -27.4231959602
   0.0000000006
   0.0000006126
   0.0000006125
   0.0000006125
   0.0000016774
   4.9359099225
  -4.3687712776
  -4.3687712776
  -4.5874278620
   4.5874261875
   7.1821935745
  -4.5874278620
   7.1821935145
   4.5874261875
  -4.5874263672
   4.5874270078
   7.1821848915
   4.3687714724
  -4.9359093200
  -4.3687789400
   7.1821865260
  -4.5874349075
  -4.5874261887
  -4.5874261275
   7.1821848917
   4.5874270078
   7.1821865258
  -4.5874261887
  -4.5874347875
   4.3687714725
  -4.3687788800
  -4.9359093200
  -4.9359093225
   4.3687714724
  -4.3687789400
   4.5874270078
  -4.5874263672
   7.1821848917
  -4.5874349075
   7.1821865260
  -4.5874261887
   4.5874261885
  -4.5874278610
   7.1821935725
  -4.3687712776
   4.9359099200
  -4.3687712776
   7.1821935125
  -4.5874278610
   4.5874261885
  -4.5874261887
   7.1821865260
  -4.5874347875
   7.1821848917
  -4.5874261273
   4.5874270078
  -4.3687788800
   4.3687714725
  -4.9359093200
  -4.9359093225
  -4.3687788200
   4.3687715325
  -4.5874348475
  -4.5874261887
   7.1821865860
   4.5874270078
   7.1821848917
  -4.5874263672
  -4.5874261887
  -4.5874348475
   7.1821865860
  -4.3687788200
  -4.9359093200
   4.3687715325
   7.1821848915
   4.5874270080
  -4.5874263672
   4.5874261885
   7.1821936322
  -4.5874277410
   7.1821936322
   4.5874261885
  -4.5874277410
  -4.3687712801
  -4.3687712801
   4.9359099200
  -1.2913828381
  -0.0694598052
  -0.0694598052
   0.0694595650
  -0.2360210900
  -0.5485907726
   0.0694595650
  -0.5485907726
  -0.2360210900
  -0.0000000001
   0.1562848805
  -0.0520949602
   0.1562848808
   0.0000000001
  -0.1041899205
  -0.0520949602
   0.1041899205
  -0.0000000001
  -0.0000000001
  -0.0520949602
   0.1562848808
  -0.0520949602
  -0.0000000000
   0.1041899205
   0.1562848805
  -0.1041899205
   0.0000000001
   4.9359099224
  -4.5874278620
  -4.5874278620
  -4.3687712775
   4.5874261875
   7.1821935145
  -4.3687712775
   7.1821935745
   4.5874261875
  -4.5874263672
   4.3687714724
   7.1821865260
   4.5874270077
  -4.9359093200
  -4.5874349075
   7.1821848915
  -4.3687789400
  -4.5874261887
  -4.5874261275
   7.1821865258
   4.3687714725
   7.1821848917
  -4.5874261887
  -4.3687788801
   4.5874270077
  -4.5874347875
  -4.9359093200
  -4.9359232525
   4.5874346310
   4.5874346310
   4.5874346310
  -4.3687764247
  -7.1821945483
   4.5874346310
  -7.1821945483
  -4.3687764247
   4.3687814150
  -4.5874348093
  -7.1821936278
  -4.5874348093
   4.9359140120
   4.5874353703
  -7.1821936278
   4.5874353703
   4.3687764260
   4.3687814150
  -7.1821936279
  -4.5874345695
  -7.1821936279
   4.3687766657
   4.5874353703
  -4.5874345695
   4.5874353703
   4.9359140120
  -0.0000000001
  -0.1041899228
  -0.1562848808
   0.1041899205
  -0.0000000012
  -0.0520949603
  -0.1562848805
  -0.0520949613
   0.0000000001
  -0.0000000001
  -0.1041899218
  -0.0520949605
   0.1041899208
  -0.0000000001
  -0.1562848807
  -0.0520949601
  -0.1562848807
  -0.0000000000
   0.2360213323
  -0.5485902951
  -0.0694595653
  -0.5485907747
   0.2360213323
   0.0694595652
   0.0694595653
  -0.0694595652
   1.2913825960
  -0.0000000001
  -0.1562848808
  -0.1041899228
  -0.1562848805
   0.0000000001
  -0.0520949611
   0.1041899205
  -0.0520949603
  -0.0000000012
   0.2360210925
  -0.0694598053
  -0.5485907748
   0.0694595653
   1.2913825960
  -0.0694598053
  -0.5485907747
   0.0694595652
   0.2360210923
  -0.0000000002
  -0.0520949603
  -0.1041899215
  -0.0520949604
  -0.0000000000
  -0.1562848807
   0.1041899208
  -0.1562848807
  -0.0000000001
  -0.0000000000
   0.1562848807
  -0.1041899205
   0.1562848795
  -0.0000000022
  -0.0520949625
   0.1041899205
  -0.0520949600
  -0.0000000001
  -0.2360210923
   0.0694595650
  -0.5485907749
  -0.0694598052
  -1.2913828371
  -0.0694598052
  -0.5485907747
   0.0694595650
  -0.2360210923
  -0.0000000000
  -0.0520949602
   0.1041899205
  -0.0520949602
   0.0000000002
   0.1562848808
  -0.1041899205
   0.1562848805
   0.0000000000
  -4.9359093225
   4.5874270077
  -4.5874349075
   4.3687714724
  -4.5874263672
   7.1821865260
  -4.3687789400
   7.1821848917
  -4.5874261887
   4.5874261885
  -4.3687712775
   7.1821935125
  -4.5874278610
   4.9359099200
  -4.5874278610
   7.1821935725
  -4.3687712775
   4.5874261885
  -4.5874261887
   7.1821848917
  -4.3687788801
   7.1821865260
  -4.5874261272
   4.3687714725
  -4.5874347875
   4.5874270077
  -4.9359093200
  -0.0000000001
   0.1041899205
  -0.1562848805
  -0.1041899227
  -0.0000000012
  -0.0520949613
  -0.1562848808
  -0.0520949603
   0.0000000001
  -0.0000000001
   0.1041899208
  -0.0520949601
  -0.1041899218
  -0.0000000001
  -0.1562848807
  -0.0520949605
  -0.1562848807
  -0.0000000000
   0.2360213323
  -0.5485907747
   0.0694595652
  -0.5485902951
   0.2360213323
  -0.0694595653
  -0.0694595652
   0.0694595653
   1.2913825960
   4.9359140120
  -4.5874348093
   4.5874353703
  -4.5874348093
   4.3687814150
  -7.1821936278
   4.5874353703
  -7.1821936278
   4.3687764260
  -4.3687764260
   4.5874346310
  -7.1821945461
   4.5874346310
  -4.9359232525
   4.5874346310
  -7.1821945461
   4.5874346310
  -4.3687764260
   4.3687766657
  -7.1821936279
   4.5874353703
  -7.1821936279
   4.3687814150
  -4.5874345695
   4.5874353703
  -4.5874345695
   4.9359140120
   1.2913825960
   0.0694595653
  -0.0694598053
  -0.0694598053
   0.2360210923
  -0.5485907748
   0.0694595652
  -0.5485907747
   0.2360210923
   0.0000000000
  -0.1562848807
  -0.0520949605
  -0.1562848807
  -0.0000000001
  -0.1041899215
  -0.0520949601
   0.1041899208
  -0.0000000001
   0.0000000000
  -0.0520949601
  -0.1562848807
  -0.0520949603
  -0.0000000002
  -0.1041899215
  -0.1562848807
   0.1041899205
  -0.0000000001
  -0.0000000000
  -0.1041899205
   0.1562848807
   0.1041899205
  -0.0000000001
  -0.0520949600
   0.1562848795
  -0.0520949625
  -0.0000000022
  -0.0000000001
   0.1041899205
  -0.0520949602
  -0.1041899205
   0.0000000001
   0.1562848808
  -0.0520949599
   0.1562848805
  -0.0000000001
  -0.2360213321
  -0.5485905349
   0.0694595650
  -0.5485905349
  -0.2360213321
   0.0694595650
  -0.0694595652
  -0.0694595652
  -1.2913828371
  -4.9359093225
  -4.5874348475
   4.5874270077
  -4.3687788199
  -4.5874261887
   7.1821848917
   4.3687715326
   7.1821865860
  -4.5874263672
  -4.5874261887
  -4.3687788199
   7.1821848915
  -4.5874348475
  -4.9359093200
   4.5874270080
   7.1821865860
   4.3687715326
  -4.5874263672
   4.5874261885
   7.1821936322
  -4.3687712801
   7.1821936322
   4.5874261885
  -4.3687712801
  -4.5874277410
  -4.5874277410
   4.9359099201
  -0.0000000001
  -0.1562848805
   0.1041899205
  -0.1562848808
   0.0000000001
  -0.0520949603
  -0.1041899227
  -0.0520949611
  -0.0000000012
   0.2360210925
   0.0694595652
  -0.5485907747
  -0.0694598053
   1.2913825960
   0.0694595653
  -0.5485907748
  -0.0694598053
   0.2360210923
  -0.0000000002
  -0.0520949604
   0.1041899208
  -0.0520949603
  -0.0000000000
  -0.1562848807
  -0.1041899215
  -0.1562848807
  -0.0000000001
   1.2913825960
  -0.0694598053
   0.0694595653
   0.0694595652
   0.2360210923
  -0.5485907747
  -0.0694598053
  -0.5485907748
   0.2360210923
   0.0000000000
  -0.1562848807
  -0.0520949601
  -0.1562848807
  -0.0000000001
   0.1041899208
  -0.0520949605
  -0.1041899215
  -0.0000000001
   0.0000000000
  -0.0520949603
  -0.1562848807
  -0.0520949601
  -0.0000000002
   0.1041899205
  -0.1562848807
  -0.1041899215
  -0.0000000001
   4.9359140120
   4.5874353703
  -4.5874348093
   4.5874353703
   4.3687764260
  -7.1821936278
  -4.5874348093
  -7.1821936278
   4.3687814150
   4.3687764260
   4.5874353703
  -7.1821936278
   4.5874353703
   4.9359140120
  -4.5874348093
  -7.1821936278
  -4.5874348093
   4.3687814150
  -4.3687766657
  -7.1821945464
   4.5874346310
  -7.1821945464
  -4.3687766657
   4.5874346310
   4.5874346310
   4.5874346310
  -4.9359232525
