  17.7212079684
  -0.0000000000
   0.0000000000
  -0.0000000000
  17.7212079684
  -0.0000000000
   0.0000000000
  -0.0000000000
  17.7212079684
  -4.5717398092
  -2.8762909519
  -2.8762909519
  -2.8762909519
  -4.5717398092
  -2.8762909519
  -2.8762909519
  -2.8762909519
  -4.5717398092
  -4.5717398092
   2.8762909518
   2.8762909518
   2.8762909519
  -4.5717398090
  -2.8762909518
   2.8762909519
  -2.8762909518
  -4.5717398090
  -4.5717398090
   2.8762909519
  -2.8762909518
   2.8762909518
  -4.5717398092
   2.8762909518
  -2.8762909518
   2.8762909519
  -4.5717398090
  -4.5717398090
  -2.8762909518
   2.8762909519
  -2.8762909518
  -4.5717398090
   2.8762909519
   2.8762909518
   2.8762909518
  -4.5717398092
   0.2828756341
   0.1414378171
   0.1414378171
  -0.1414378171
  -0.0707189085
  -0.0707189085
  -0.1414378171
  -0.0707189085
  -0.0707189085
   0.2828756341
  -0.1414378171
  -0.1414378171
   0.1414378171
  -0.0707189085
  -0.0707189085
   0.1414378171
  -0.0707189085
  -0.0707189085
   0.2828756341
   0.1414378171
  -0.1414378171
  -0.1414378171
  -0.0707189085
   0.0707189085
   0.1414378171
   0.0707189085
  -0.0707189085
   0.2828756341
  -0.1414378171
   0.1414378171
   0.1414378171
  -0.0707189085
   0.0707189085
  -0.1414378171
   0.0707189085
  -0.0707189085
  -0.0707189085
  -0.1414378171
  -0.0707189085
   0.1414378171
   0.2828756341
   0.1414378171
  -0.0707189085
  -0.1414378171
  -0.0707189085
  -0.0707189085
   0.1414378171
  -0.0707189085
  -0.1414378171
   0.2828756341
  -0.1414378171
  -0.0707189085
   0.1414378171
  -0.0707189085
  -0.0707189085
  -0.1414378171
   0.0707189085
   0.1414378171
   0.2828756341
  -0.1414378171
   0.0707189085
   0.1414378171
  -0.0707189085
  -0.0707189085
   0.1414378171
   0.0707189085
  -0.1414378171
   0.2828756341
   0.1414378171
   0.0707189085
  -0.1414378171
  -0.0707189085
  -0.0707189085
  -0.0707189085
  -0.1414378171
  -0.0707189085
  -0.0707189085
  -0.1414378171
   0.1414378171
   0.1414378171
   0.2828756341
  -0.0707189085
  -0.0707189085
   0.1414378171
  -0.0707189085
  -0.0707189085
   0.1414378171
  -0.1414378171
  -0.1414378171
   0.2828756341
  -0.0707189085
   0.0707189085
  -0.1414378171
   0.0707189085
  -0.0707189085
   0.1414378171
   0.1414378171
  -0.1414378171
   0.2828756341
  -0.0707189085
   0.0707189085
   0.1414378171
   0.0707189085
  -0.0707189085
  -0.1414378171
  -0.1414378171
   0.1414378171
   0.2828756341
  -0.0000000000
  -0.0000000000
  -0.0000000000
   0.0000000000
   0.0000000000
   0.0000000000
  -0.0000000000
  -0.0000000000
  -0.0000000000
  -0.0000000000
  -0.0000000000
  -0.0000000000
   0.0000000000
   0.0000000000
   0.0000000000
  -0.0000000000
  -0.0000000000
  -0.0000000000
  -0.0000000000
  -0.0000000000
  -0.0000000000
   0.0000000000
   0.0000000000
   0.0000000000
  -0.0000000000
  -0.0000000000
  -0.0000000000
  -0.0000000000
  -0.0000000000
  -0.0000000000
   0.0000000000
   0.0000000000
   0.0000000000
  -0.0000000000
  -0.0000000000
  -0.0000000000
  -0.0000000000
  -0.0000000000
  -0.0000000000
   0.0000000000
   0.0000000000
   0.0000000000
  -0.0000000000
  -0.0000000000
  -0.0000000000
  -0.0000000000
  -0.0000000000
  -0.0000000000
   0.0000000000
   0.0000000000
   0.0000000000
  -0.0000000000
  -0.0000000000
  -0.0000000000
  -0.0000000000
  -0.0000000000
  -0.0000000000
   0.0000000000
   0.0000000000
   0.0000000000
  -0.0000000000
  -0.0000000000
  -0.0000000000
  -0.0000000000
  -0.0000000000
  -0.0000000000
   0.0000000000
   0.0000000000
   0.0000000000
  -0.0000000000
  -0.0000000000
  -0.0000000000
  -0.0000000000
  -0.0000000000
  -0.0000000000
   0.0000000000
   0.0000000000
   0.0000000000
  -0.0000000000
  -0.0000000000
  -0.0000000000
  -0.0000000000
  -0.0000000000
  -0.0000000000
   0.0000000000
   0.0000000000
   0.0000000000
  -0.0000000000
  -0.0000000000
  -0.0000000000
  -0.0000000000
  -0.0000000000
  -0.0000000000
   0.0000000000
   0.0000000000
   0.0000000000
  -0.0000000000
  -0.0000000000
  -0.0000000000
  -0.0000000000
  -0.0000000000
  -0.0000000000
   0.0000000000
   0.0000000000
   0.0000000000
  -0.0000000000
  -0.0000000000
  -0.0000000000
  -4.5717398092
  -2.8762909520
  -2.8762909520
  -2.8762909520
  -4.5717398092
  -2.8762909520
  -2.8762909520
  -2.8762909520
  -4.5717398092
  17.7212079687
  -0.0000000000
  -0.0000000000
  -0.0000000000
  17.7212079687
  -0.0000000000
  -0.0000000000
  -0.0000000000
  17.7212079687
   0.2828756341
   0.1414378171
   0.1414378171
  -0.1414378171
  -0.0707189085
  -0.0707189085
  -0.1414378171
  -0.0707189085
  -0.0707189085
  -0.0707189085
  -0.1414378171
  -0.0707189085
   0.1414378171
   0.2828756341
   0.1414378171
  -0.0707189085
  -0.1414378171
  -0.0707189085
  -0.0707189085
  -0.0707189085
  -0.1414378171
  -0.0707189085
  -0.0707189085
  -0.1414378171
   0.1414378171
   0.1414378171
   0.2828756341
  -4.5717398092
   2.8762909519
   2.8762909519
   2.8762909520
  -4.5717398092
  -2.8762909519
   2.8762909520
  -2.8762909519
  -4.5717398092
  -0.0000000000
  -0.0000000000
  -0.0000000000
  -0.0000000000
  -0.0000000000
  -0.0000000000
  -0.0000000000
  -0.0000000000
  -0.0000000000
  -0.0000000000
  -0.0000000000
  -0.0000000000
  -0.0000000000
  -0.0000000000
  -0.0000000000
  -0.0000000000
  -0.0000000000
  -0.0000000000
  -4.5717398092
   2.8762909520
  -2.8762909519
   2.8762909519
  -4.5717398092
   2.8762909519
  -2.8762909519
   2.8762909520
  -4.5717398092
  -0.0000000000
  -0.0000000000
  -0.0000000000
  -0.0000000000
  -0.0000000000
  -0.0000000000
  -0.0000000000
  -0.0000000000
  -0.0000000000
  -0.0000000000
  -0.0000000000
  -0.0000000000
  -0.0000000000
  -0.0000000000
  -0.0000000000
  -0.0000000000
  -0.0000000000
  -0.0000000000
  -4.5717398092
  -2.8762909519
   2.8762909520
  -2.8762909519
  -4.5717398092
   2.8762909520
   2.8762909519
   2.8762909519
  -4.5717398092
  -0.0000000000
  -0.0000000000
  -0.0000000000
  -0.0000000000
  -0.0000000000
  -0.0000000000
  -0.0000000000
  -0.0000000000
  -0.0000000000
  -0.0000000000
  -0.0000000000
  -0.0000000000
  -0.0000000000
  -0.0000000000
  -0.0000000000
  -0.0000000000
  -0.0000000000
  -0.0000000000
   0.2828756341
  -0.1414378171
   0.1414378171
   0.1414378171
  -0.0707189085
   0.0707189085
  -0.1414378171
   0.0707189085
  -0.0707189085
   0.2828756341
   0.1414378171
  -0.1414378171
  -0.1414378171
  -0.0707189085
   0.0707189085
   0.1414378171
   0.0707189085
  -0.0707189085
  -0.0707189085
   0.1414378171
   0.0707189085
  -0.1414378171
   0.2828756341
   0.1414378171
   0.0707189085
  -0.1414378171
  -0.0707189085
  -0.0707189085
  -0.1414378171
   0.0707189085
   0.1414378171
   0.2828756341
  -0.1414378171
   0.0707189085
   0.1414378171
  -0.0707189085
  -0.0707189085
   0.0707189085
   0.1414378171
   0.0707189085
  -0.0707189085
  -0.1414378171
  -0.1414378171
   0.1414378171
   0.2828756341
  -0.0707189085
   0.0707189085
  -0.1414378171
   0.0707189085
  -0.0707189085
   0.1414378171
   0.1414378171
  -0.1414378171
   0.2828756341
   0.2828756341
  -0.1414378171
  -0.1414378171
   0.1414378171
  -0.0707189085
  -0.0707189085
   0.1414378171
  -0.0707189085
  -0.0707189085
  -0.0707189085
   0.1414378171
  -0.0707189085
  -0.1414378171
   0.2828756341
  -0.1414378171
  -0.0707189085
   0.1414378171
  -0.0707189085
  -0.0707189085
  -0.0707189085
   0.1414378171
  -0.0707189085
  -0.0707189085
   0.1414378171
  -0.1414378171
  -0.1414378171
   0.2828756341
