   0.0000664419
  -0.0000077212
  -0.0000078800
  -0.0000077211
  -0.0000000000
  27.4231949528
  -0.0000078799
  27.4231949528
  -0.0000142616
   0.0000142556
   0.0000162326
  27.4232182482
   0.0000162329
   0.0000806899
   0.0000154136
  27.4232182482
   0.0000154135
   0.0000142566
  -0.0000142616
  27.4231949946
  -0.0000079694
  27.4231949946
  -0.0000000000
  -0.0000086919
  -0.0000079693
  -0.0000086919
   0.0000664410
  -4.9359085116
  -4.3687717178
  -4.3687846523
  -4.5874269636
  -4.5874241842
  -7.1821974504
  -4.5874399116
  -7.1821974523
  -4.5874240762
  -4.5874241852
  -4.5874269570
  -7.1821974567
  -4.3687716993
  -4.9359085025
  -4.3687846428
  -7.1821974580
  -4.5874399017
  -4.5874240792
  -4.5874238620
  -7.1821847964
  -4.5874399148
  -7.1821847963
  -4.5874238620
  -4.5874399142
  -4.3687846528
  -4.3687846528
  -4.9359084045
  -4.9359283589
   4.3687703098
   4.3687701078
   4.5874267931
  -4.5874189574
  -7.1821954272
   4.5874266911
  -7.1821941524
  -4.5874188494
   4.5874440323
  -4.5874251270
  -7.1821835253
  -4.3687709838
   4.9359006020
   4.3687815173
  -7.1821838504
   4.5874363469
   4.5874188535
   4.5874437073
  -7.1821840042
  -4.5874252632
  -7.1821842310
   4.5874182116
   4.5874379544
  -4.3687709078
   4.3687806764
   4.9359004998
   4.9359108237
  -4.3687698791
   4.3687821643
  -4.5874251401
   4.5874241822
  -7.1821835169
   4.5874383260
  -7.1821951537
   4.5874290610
  -4.5874291716
   4.5874256683
  -7.1821960702
   4.3687703052
  -4.9359085025
   4.3687700994
  -7.1821961251
   4.5874379943
  -4.5874290640
   4.5874284226
  -7.1821831191
   4.5874385932
  -7.1821840042
   4.5874238645
  -4.5874252672
   4.3687826440
  -4.3687822162
   4.9359107165
   4.9359006076
   4.3687803632
  -4.3687707996
   4.5874364733
   4.5874189553
  -7.1821837412
  -4.5874250471
  -7.1821836213
   4.5874439220
   4.5874189589
   4.5874364631
  -7.1821837465
   4.3687803593
   4.9359006022
  -4.3687707902
  -7.1821836260
  -4.5874250332
   4.5874439264
  -4.5874182116
  -7.1821949834
   4.5874269087
  -7.1821949819
  -4.5874182113
   4.5874269082
   4.3687697915
   4.3687697915
  -4.9359282522
  -4.9359085115
  -4.5874269635
  -4.5874399115
  -4.3687717180
  -4.5874241842
  -7.1821974523
  -4.3687846521
  -7.1821974504
  -4.5874240762
  -4.5874241852
  -4.3687716995
  -7.1821974580
  -4.5874269570
  -4.9359085026
  -4.5874399017
  -7.1821974566
  -4.3687846428
  -4.5874240792
  -4.5874238620
  -7.1821847962
  -4.3687846527
  -7.1821847964
  -4.5874238620
  -4.3687846527
  -4.5874399148
  -4.5874399142
  -4.9359084044
   4.9359152904
   4.5874253998
   4.5874253976
   4.5874253999
   4.3687776479
   7.1821854023
   4.5874253976
   7.1821854023
   4.3687776980
   4.3687776459
   4.5874253999
   7.1821853938
   4.5874253999
   4.9359152830
   4.5874253981
   7.1821853938
   4.5874253981
   4.3687776961
   4.3687778045
   7.1821854041
   4.5874253976
   7.1821854041
   4.3687778045
   4.5874253976
   4.5874253976
   4.5874253976
   4.9359153404
   1.2913833812
  -0.0694598302
  -0.0694598302
   0.0694598845
   0.2360207860
   0.5485909011
   0.0694598845
   0.5485909011
   0.2360207860
  -0.0000000001
  -0.1562848820
   0.0520949601
  -0.1562848816
   0.0000000001
  -0.1041899208
   0.0520949604
   0.1041899201
   0.0000000001
   0.0000000000
   0.0520949621
  -0.1562848802
   0.0520949589
   0.0000000022
   0.1041899180
  -0.1562848784
  -0.1041899186
   0.0000000004
   0.0000000005
  -0.1562848791
  -0.1041899184
  -0.1562848814
   0.0000000000
   0.0520949620
   0.1041899184
   0.0520949585
   0.0000000001
   0.2360207831
   0.0694598844
   0.5485909035
  -0.0694598346
   1.2913833849
  -0.0694598346
   0.5485909035
   0.0694598844
   0.2360207831
   0.0000000018
   0.0520949585
   0.1041899184
   0.0520949621
   0.0000000000
  -0.1562848814
  -0.1041899190
  -0.1562848791
   0.0000000005
   0.0000000004
  -0.1041899188
  -0.1562848786
   0.1041899180
   0.0000000000
   0.0520949589
  -0.1562848802
   0.0520949619
   0.0000000000
   0.0000000001
   0.1041899201
   0.0520949604
  -0.1041899208
   0.0000000001
  -0.1562848816
   0.0520949601
  -0.1562848820
  -0.0000000001
   0.2360222791
   0.5485919662
   0.0694598845
   0.5485919662
   0.2360222791
   0.0694598845
  -0.0694593514
  -0.0694593514
   1.2913833812
  -4.9359283587
   4.5874267932
   4.5874266910
   4.3687703100
  -4.5874189574
  -7.1821941525
   4.3687701077
  -7.1821954271
  -4.5874188494
   4.5874440323
  -4.3687709837
  -7.1821838504
  -4.5874251271
   4.9359006019
   4.5874363469
  -7.1821835253
   4.3687815175
   4.5874188535
   4.5874437073
  -7.1821842310
  -4.3687709080
  -7.1821840042
   4.5874182116
   4.3687806766
  -4.5874252631
   4.5874379543
   4.9359005002
   1.2913833812
   0.0694598845
   0.0694598845
  -0.0694598302
   0.2360207860
   0.5485909010
  -0.0694598302
   0.5485909010
   0.2360207860
  -0.0000000002
  -0.1562848815
   0.0520949603
  -0.1562848819
   0.0000000001
   0.1041899201
   0.0520949601
  -0.1041899208
   0.0000000001
   0.0000000000
   0.0520949589
  -0.1562848785
   0.0520949621
   0.0000000021
  -0.1041899187
  -0.1562848803
   0.1041899181
   0.0000000005
   4.9359152944
  -4.5874251186
  -4.5874379906
  -4.5874251187
   4.3687413975
   7.1821985844
  -4.5874379906
   7.1821985844
   4.3687414471
  -4.3687776462
   4.5874250822
   7.1821974298
   4.5874250822
  -4.9358661812
  -4.5874393236
   7.1821974298
  -4.5874393236
  -4.3687414488
  -4.3687778063
   7.1821829220
   4.5874382323
   7.1821829220
  -4.3687417603
  -4.5874393632
   4.5874382323
  -4.5874393632
  -4.9358662434
  -0.0000000001
   0.1041899209
   0.1562848813
  -0.1041899232
  -0.0000000001
   0.0520949600
   0.1562848808
   0.0520949600
   0.0000000003
  -0.0000000001
   0.1041899210
   0.0520949604
  -0.1041899204
   0.0000000001
   0.1562848822
   0.0520949602
   0.1562848812
   0.0000000001
  -0.2360222788
   0.5485908495
   0.0694597241
   0.5485909477
  -0.2360222791
  -0.0694592450
  -0.0694592453
   0.0694597233
  -1.2913820904
  -0.0000000001
   0.1562848809
   0.1041899209
   0.1562848809
   0.0000000000
   0.0520949604
  -0.1041899223
   0.0520949599
  -0.0000000001
  -0.2360207826
   0.0694597286
   0.5485908570
  -0.0694597803
  -1.2913820869
   0.0694597285
   0.5485908386
  -0.0694597802
  -0.2360207826
  -0.0000000019
   0.0520949605
   0.1041899209
   0.0520949595
  -0.0000000000
   0.1562848817
  -0.1041899226
   0.1562848810
  -0.0000000001
   4.9359108243
  -4.5874251400
   4.5874383259
  -4.3687698792
   4.5874241822
  -7.1821951537
   4.3687821643
  -7.1821835169
   4.5874290610
  -4.5874291716
   4.3687703056
  -7.1821961251
   4.5874256682
  -4.9359085026
   4.5874379943
  -7.1821960702
   4.3687700995
  -4.5874290640
   4.5874284227
  -7.1821840043
   4.3687826440
  -7.1821831191
   4.5874238644
  -4.3687822162
   4.5874385933
  -4.5874252671
   4.9359107168
   0.0000000005
  -0.1562848816
   0.1041899184
  -0.1562848790
  -0.0000000000
   0.0520949585
  -0.1041899184
   0.0520949620
   0.0000000002
   0.2360207831
  -0.0694598346
   0.5485909036
   0.0694598844
   1.2913833849
   0.0694598844
   0.5485909036
  -0.0694598346
   0.2360207831
   0.0000000018
   0.0520949622
  -0.1041899189
   0.0520949585
  -0.0000000000
  -0.1562848790
   0.1041899184
  -0.1562848816
   0.0000000005
  -0.0000000001
  -0.1041899232
   0.1562848808
   0.1041899209
  -0.0000000000
   0.0520949600
   0.1562848814
   0.0520949599
   0.0000000003
  -0.0000000001
  -0.1041899203
   0.0520949601
   0.1041899211
   0.0000000001
   0.1562848813
   0.0520949605
   0.1562848822
   0.0000000001
  -0.2360222788
   0.5485909477
  -0.0694592453
   0.5485908495
  -0.2360222791
   0.0694597233
   0.0694597241
  -0.0694592450
  -1.2913820903
  -4.9358661868
   4.5874250823
  -4.5874393207
   4.5874250823
  -4.3687776479
   7.1821974366
  -4.5874393207
   7.1821974367
  -4.3687414431
   4.3687413963
  -4.5874251279
   7.1821985813
  -4.5874251279
   4.9359152830
  -4.5874379999
   7.1821985813
  -4.5874379999
   4.3687414465
  -4.3687417559
   7.1821829242
  -4.5874393614
   7.1821829242
  -4.3687778045
   4.5874382325
  -4.5874393615
   4.5874382324
  -4.9358662380
  -1.2913820903
  -0.0694597780
   0.0694597241
   0.0694597233
  -0.2360207860
   0.5485908495
  -0.0694597779
   0.5485908412
  -0.2360207838
   0.0000000001
   0.1562848822
   0.0520949605
   0.1562848813
   0.0000000001
   0.1041899211
   0.0520949601
  -0.1041899203
  -0.0000000001
  -0.0000000002
   0.0520949602
   0.1562848812
   0.0520949605
  -0.0000000022
   0.1041899209
   0.1562848809
  -0.1041899226
  -0.0000000001
   4.9359006078
   4.5874364732
  -4.5874250471
   4.3687803634
   4.5874189553
  -7.1821836213
  -4.3687707997
  -7.1821837413
   4.5874439220
   4.5874189589
   4.3687803590
  -7.1821836260
   4.5874364632
   4.9359006021
  -4.5874250333
  -7.1821837465
  -4.3687707903
   4.5874439264
  -4.5874182116
  -7.1821949819
   4.3687697917
  -7.1821949834
  -4.5874182113
   4.3687697917
   4.5874269087
   4.5874269082
  -4.9359282524
   0.0000000005
   0.1041899181
  -0.1562848803
  -0.1041899189
   0.0000000001
   0.0520949620
  -0.1562848787
   0.0520949589
   0.0000000000
   0.0000000001
  -0.1041899208
   0.0520949601
   0.1041899201
   0.0000000001
  -0.1562848819
   0.0520949603
  -0.1562848815
  -0.0000000002
   0.2360222791
   0.5485919662
  -0.0694593515
   0.5485919662
   0.2360222791
  -0.0694593515
   0.0694598845
   0.0694598845
   1.2913833812
  -0.0000000001
   0.1562848808
  -0.1041899224
   0.1562848810
  -0.0000000000
   0.0520949599
   0.1041899209
   0.0520949604
  -0.0000000001
  -0.2360207826
  -0.0694597802
   0.5485908386
   0.0694597285
  -1.2913820869
  -0.0694597803
   0.5485908570
   0.0694597286
  -0.2360207826
  -0.0000000019
   0.0520949595
  -0.1041899227
   0.0520949605
   0.0000000000
   0.1562848810
   0.1041899209
   0.1562848816
  -0.0000000001
  -1.2913820904
   0.0694597233
  -0.0694597780
  -0.0694597780
  -0.2360207860
   0.5485908412
   0.0694597241
   0.5485908495
  -0.2360207839
   0.0000000001
   0.1562848812
   0.0520949602
   0.1562848822
   0.0000000001
  -0.1041899204
   0.0520949604
   0.1041899210
  -0.0000000001
  -0.0000000001
   0.0520949606
   0.1562848809
   0.0520949602
  -0.0000000021
  -0.1041899227
   0.1562848812
   0.1041899209
  -0.0000000001
  -4.9358661934
  -4.5874395402
   4.5874382740
  -4.5874395402
  -4.3687413975
   7.1821973974
   4.5874382740
   7.1821973974
  -4.3687776999
  -4.3687413992
  -4.5874395438
   7.1821973898
  -4.5874395438
  -4.9358661812
   4.5874382760
   7.1821973898
   4.5874382760
  -4.3687776965
   4.3687417603
   7.1821989422
  -4.5874380460
   7.1821989422
   4.3687417603
  -4.5874380460
  -4.5874380460
  -4.5874380460
   4.9359153444
  -4.9359349781
  -4.5874290347
  -4.5874292203
  -4.5874290347
  -4.3687888653
  -7.1821881903
  -4.5874292203
  -7.1821881903
  -4.3687889155
  -4.3687888653
  -4.5874290365
  -7.1821881858
  -4.5874290365
  -4.9359349803
  -4.5874292220
  -7.1821881858
  -4.5874292220
  -4.3687889156
  -4.3687892283
  -7.1821888319
  -4.5874292819
  -7.1821888319
  -4.3687892283
  -4.5874292818
  -4.5874292819
  -4.5874292819
  -4.9359350303
   4.9359075190
   4.5874276692
   4.5874405159
   4.3687714555
   4.5874237795
   7.1821978767
   4.3687843042
   7.1821978767
   4.5874237795
   4.5874237815
   4.3687714512
   7.1821978722
   4.5874276658
   4.9359075135
   4.5874405147
   7.1821978722
   4.3687843002
   4.5874237815
   4.5874233553
   7.1821854051
   4.3687843071
   7.1821854051
   4.5874233553
   4.3687843071
   4.5874405147
   4.5874405147
   4.9359075137
  -1.2913828388
   0.0694593389
   0.0694593389
  -0.0694597192
  -0.2360212680
  -0.5485908508
  -0.0694597192
  -0.5485908508
  -0.2360212680
  -0.0000000001
   0.1562848810
  -0.0520949603
   0.1562848806
  -0.0000000002
   0.1041899205
  -0.0520949602
  -0.1041899204
  -0.0000000001
  -0.0000000001
  -0.0520949602
   0.1562848805
  -0.0520949601
   0.0000000000
  -0.1041899204
   0.1562848810
   0.1041899205
  -0.0000000002
  -0.0000000004
   0.1562848794
   0.1041899199
   0.1562848814
  -0.0000000033
  -0.0520949597
  -0.1041899211
  -0.0520949638
  -0.0000000001
  -0.2360212723
  -0.0694597191
  -0.5485908545
   0.0694593383
  -1.2913828372
   0.0694593383
  -0.5485908550
  -0.0694597191
  -0.2360212723
   0.0000000000
  -0.0520949601
  -0.1041899204
  -0.0520949602
   0.0000000003
   0.1562848805
   0.1041899205
   0.1562848810
  -0.0000000003
  -0.0000000003
   0.1041899199
   0.1562848794
  -0.1041899211
  -0.0000000001
  -0.0520949638
   0.1562848814
  -0.0520949597
  -0.0000000033
  -0.0000000001
  -0.1041899204
  -0.0520949597
   0.1041899205
  -0.0000000002
   0.1562848806
  -0.0520949603
   0.1562848810
  -0.0000000001
  -0.2360218051
  -0.5485904816
  -0.0694592857
  -0.5485904816
  -0.2360218051
  -0.0694592857
   0.0694593911
   0.0694593911
  -1.2913828372
   4.9359075190
   4.3687714552
   4.3687843041
   4.5874276692
   4.5874237794
   7.1821978767
   4.5874405159
   7.1821978767
   4.5874237794
   4.5874237815
   4.5874276659
   7.1821978723
   4.3687714512
   4.9359075135
   4.3687843001
   7.1821978722
   4.5874405148
   4.5874237815
   4.5874233553
   7.1821854051
   4.5874405148
   7.1821854051
   4.5874233553
   4.5874405148
   4.3687843068
   4.3687843068
   4.9359075136
   0.0000040632
   0.0000011158
   0.0000009351
   0.0000011155
   0.0000000004
 -27.4232124163
   0.0000009356
 -27.4232124163
   0.0000000004
   0.0000000009
   0.0000011289
 -27.4232124120
   0.0000011286
   0.0000040631
   0.0000009436
 -27.4232124120
   0.0000009435
   0.0000000009
   0.0000000009
 -27.4232130418
   0.0000009720
 -27.4232130418
   0.0000000009
   0.0000009720
   0.0000009719
   0.0000009719
   0.0000040064
   4.9359075201
  -4.3687709851
  -4.3687709850
  -4.5874282784
   4.5874232370
   7.1822028171
  -4.5874285153
   7.1822011903
   4.5874232353
  -4.5874237827
   4.5874267071
   7.1821840866
   4.3687712688
  -4.9359064463
  -4.3687877542
   7.1821873484
  -4.5874424001
  -4.5874232376
  -4.5874233565
   7.1821841404
   4.5874267070
   7.1821871762
  -4.5874232342
  -4.5874437521
   4.3687715590
  -4.3687861408
  -4.9359064449
  -4.9359064510
   4.3687712688
  -4.3687877536
   4.5874267070
  -4.5874237831
   7.1821840871
  -4.5874424002
   7.1821873480
  -4.5874232376
   4.5874232388
  -4.5874282772
   7.1822028139
  -4.3687709844
   4.9359075161
  -4.3687709844
   7.1822011872
  -4.5874285141
   4.5874232372
  -4.5874232342
   7.1821871766
  -4.5874437521
   7.1821841403
  -4.5874233561
   4.5874267070
  -4.3687861408
   4.3687715590
  -4.9359064449
  -4.9359064510
  -4.3687860320
   4.3687715989
  -4.5874422920
  -4.5874232392
   7.1821874414
   4.5874267070
   7.1821840871
  -4.5874237831
  -4.5874232393
  -4.5874422919
   7.1821874417
  -4.3687860325
  -4.9359064463
   4.3687715990
   7.1821840867
   4.5874267075
  -4.5874237827
   4.5874232337
   7.1822014567
  -4.5874283273
   7.1822014567
   4.5874232338
  -4.5874283273
  -4.3687709895
  -4.3687709895
   4.9359075162
  -1.2913828388
  -0.0694597192
  -0.0694597192
   0.0694593389
  -0.2360212679
  -0.5485908508
   0.0694593389
  -0.5485908508
  -0.2360212679
  -0.0000000001
   0.1562848805
  -0.0520949602
   0.1562848809
  -0.0000000003
  -0.1041899205
  -0.0520949603
   0.1041899205
  -0.0000000002
  -0.0000000001
  -0.0520949602
   0.1562848810
  -0.0520949602
  -0.0000000000
   0.1041899205
   0.1562848805
  -0.1041899205
  -0.0000000003
   4.9359075199
  -4.5874282785
  -4.5874285152
  -4.3687709854
   4.5874232370
   7.1822011903
  -4.3687709853
   7.1822028170
   4.5874232353
  -4.5874237827
   4.3687712688
   7.1821873484
   4.5874267072
  -4.9359064462
  -4.5874424002
   7.1821840866
  -4.3687877541
  -4.5874232376
  -4.5874233565
   7.1821871762
   4.3687715587
   7.1821841404
  -4.5874232342
  -4.3687861406
   4.5874267071
  -4.5874437522
  -4.9359064449
  -4.9359349796
   4.5874432536
   4.5874432534
   4.5874432535
  -4.3687806426
  -7.1822028136
   4.5874432534
  -7.1822028136
  -4.3687806660
   4.3687888653
  -4.5874434011
  -7.1822027219
  -4.5874434011
   4.9359177674
   4.5874430888
  -7.1822027219
   4.5874430888
   4.3687806689
   4.3687892283
  -7.1822027752
  -4.5874430813
  -7.1822027752
   4.3687812550
   4.5874430354
  -4.5874430814
   4.5874430355
   4.9359177907
  -0.0000000003
  -0.1041899239
  -0.1562848811
   0.1041899204
  -0.0000000016
  -0.0520949604
  -0.1562848799
  -0.0520949616
   0.0000000001
  -0.0000000001
  -0.1041899223
  -0.0520949608
   0.1041899208
  -0.0000000007
  -0.1562848804
  -0.0520949600
  -0.1562848809
  -0.0000000000
   0.2360218054
  -0.5485902014
  -0.0694593453
  -0.5485907480
   0.2360218054
   0.0694594053
   0.0694594052
  -0.0694593453
   1.2913826161
  -0.0000000003
  -0.1562848811
  -0.1041899240
  -0.1562848800
   0.0000000001
  -0.0520949612
   0.1041899204
  -0.0520949604
  -0.0000000016
   0.2360212726
  -0.0694597721
  -0.5485908542
   0.0694594052
   1.2913826161
  -0.0694597721
  -0.5485907346
   0.0694594053
   0.2360212721
  -0.0000000004
  -0.0520949603
  -0.1041899219
  -0.0520949605
   0.0000000000
  -0.1562848809
   0.1041899212
  -0.1562848805
  -0.0000000007
  -0.0000000004
   0.1562848814
  -0.1041899211
   0.1562848793
  -0.0000000034
  -0.0520949639
   0.1041899199
  -0.0520949598
  -0.0000000001
  -0.2360212723
   0.0694593384
  -0.5485908550
  -0.0694597192
  -1.2913828372
  -0.0694597192
  -0.5485908546
   0.0694593384
  -0.2360212723
  -0.0000000000
  -0.0520949602
   0.1041899205
  -0.0520949602
   0.0000000003
   0.1562848810
  -0.1041899205
   0.1562848805
  -0.0000000003
  -4.9359064509
   4.5874267071
  -4.5874424002
   4.3687712687
  -4.5874237831
   7.1821873480
  -4.3687877536
   7.1821840871
  -4.5874232376
   4.5874232388
  -4.3687709848
   7.1822011872
  -4.5874282772
   4.9359075158
  -4.5874285141
   7.1822028139
  -4.3687709847
   4.5874232372
  -4.5874232343
   7.1821841403
  -4.3687861406
   7.1821871766
  -4.5874233561
   4.3687715587
  -4.5874437521
   4.5874267071
  -4.9359064449
  -0.0000000002
   0.1041899203
  -0.1562848798
  -0.1041899238
  -0.0000000016
  -0.0520949616
  -0.1562848811
  -0.0520949604
   0.0000000001
  -0.0000000001
   0.1041899208
  -0.0520949601
  -0.1041899223
  -0.0000000008
  -0.1562848808
  -0.0520949608
  -0.1562848804
   0.0000000000
   0.2360218054
  -0.5485907480
   0.0694594053
  -0.5485902014
   0.2360218054
  -0.0694593453
  -0.0694593453
   0.0694594052
   1.2913826161
   4.9359177674
  -4.5874434011
   4.5874430888
  -4.5874434011
   4.3687888653
  -7.1822027219
   4.5874430888
  -7.1822027219
   4.3687806689
  -4.3687806454
   4.5874432535
  -7.1822028107
   4.5874432534
  -4.9359349790
   4.5874432534
  -7.1822028107
   4.5874432535
  -4.3687806688
   4.3687812550
  -7.1822027753
   4.5874430354
  -7.1822027753
   4.3687892283
  -4.5874430813
   4.5874430355
  -4.5874430814
   4.9359177907
   1.2913826161
   0.0694594052
  -0.0694597721
  -0.0694597721
   0.2360212721
  -0.5485908542
   0.0694594053
  -0.5485907345
   0.2360212721
   0.0000000000
  -0.1562848803
  -0.0520949608
  -0.1562848808
  -0.0000000008
  -0.1041899219
  -0.0520949601
   0.1041899208
  -0.0000000001
   0.0000000000
  -0.0520949601
  -0.1562848809
  -0.0520949603
  -0.0000000004
  -0.1041899219
  -0.1562848805
   0.1041899208
  -0.0000000007
  -0.0000000004
  -0.1041899211
   0.1562848814
   0.1041899199
  -0.0000000001
  -0.0520949598
   0.1562848793
  -0.0520949639
  -0.0000000034
  -0.0000000002
   0.1041899205
  -0.0520949603
  -0.1041899205
  -0.0000000003
   0.1562848809
  -0.0520949598
   0.1562848805
  -0.0000000001
  -0.2360218050
  -0.5485904816
   0.0694593911
  -0.5485904816
  -0.2360218050
   0.0694593911
  -0.0694592857
  -0.0694592857
  -1.2913828372
  -4.9359064509
  -4.5874422919
   4.5874267071
  -4.3687860319
  -4.5874232392
   7.1821840871
   4.3687715989
   7.1821874413
  -4.5874237831
  -4.5874232393
  -4.3687860325
   7.1821840867
  -4.5874422918
  -4.9359064462
   4.5874267076
   7.1821874417
   4.3687715991
  -4.5874237827
   4.5874232337
   7.1822014567
  -4.3687709895
   7.1822014567
   4.5874232338
  -4.3687709895
  -4.5874283273
  -4.5874283273
   4.9359075163
  -0.0000000002
  -0.1562848800
   0.1041899203
  -0.1562848811
   0.0000000001
  -0.0520949604
  -0.1041899239
  -0.0520949612
  -0.0000000016
   0.2360212726
   0.0694594052
  -0.5485907346
  -0.0694597721
   1.2913826161
   0.0694594052
  -0.5485908542
  -0.0694597721
   0.2360212721
  -0.0000000003
  -0.0520949606
   0.1041899213
  -0.0520949603
  -0.0000000000
  -0.1562848805
  -0.1041899218
  -0.1562848809
  -0.0000000008
   1.2913826161
  -0.0694597721
   0.0694594052
   0.0694594053
   0.2360212721
  -0.5485907345
  -0.0694597721
  -0.5485908542
   0.2360212721
  -0.0000000000
  -0.1562848809
  -0.0520949600
  -0.1562848803
  -0.0000000007
   0.1041899207
  -0.0520949608
  -0.1041899219
  -0.0000000001
  -0.0000000000
  -0.0520949603
  -0.1562848805
  -0.0520949601
  -0.0000000003
   0.1041899208
  -0.1562848809
  -0.1041899218
  -0.0000000008
   4.9359177674
   4.5874430888
  -4.5874434011
   4.5874430888
   4.3687806455
  -7.1822027219
  -4.5874434011
  -7.1822027219
   4.3687889152
   4.3687806455
   4.5874430888
  -7.1822027219
   4.5874430888
   4.9359177674
  -4.5874434011
  -7.1822027219
  -4.5874434011
   4.3687889152
  -4.3687812550
  -7.1822029177
   4.5874432001
  -7.1822029177
  -4.3687812550
   4.5874432001
   4.5874432001
   4.5874432001
  -4.9359350289
