  -0.00000
  -0.00000
  -0.00000
  -0.00000
  -0.00000
  27.42320
  -0.00000
  27.42320
  -0.00001
   0.00001
  -0.00000
  27.42320
  -0.00000
  -0.00000
  -0.00000
  27.42320
  -0.00000
   0.00001
  -0.00001
  27.42320
  -0.00000
  27.42320
  -0.00000
  -0.00000
  -0.00000
  -0.00000
  -0.00000
  -5.00000
  -5.00000
  -5.00000
  -4.50000
  -4.50000
  -7.00000
  -4.50000
  -7.00000
  -4.50000
  -4.50000
  -4.50000
  -7.00000
  -5.00000
  -5.00000
  -5.00000
  -7.00000
  -4.50000
  -4.50000
  -4.50000
  -7.00000
  -4.50000
  -7.00000
  -4.50000
  -4.50000
  -5.00000
  -5.00000
  -5.00000
  -5.00000
   5.00000
   5.00000
   4.50000
  -4.50000
  -7.00000
   4.50000
  -7.00000
  -4.50000
   4.50000
  -4.50000
  -7.00000
  -5.00000
   5.00000
   5.00000
  -7.00000
   4.50000
   4.50000
   4.50000
  -7.00000
  -4.50000
  -7.00000
   4.50000
   4.50000
  -5.00000
   5.00000
   5.00000
   5.00000
  -5.00000
   5.00000
  -4.50000
   4.50000
  -7.00000
   4.50000
  -7.00000
   4.50000
  -4.50000
   4.50000
  -7.00000
   5.00000
  -5.00000
   5.00000
  -7.00000
   4.50000
  -4.50000
   4.50000
  -7.00000
   4.50000
  -7.00000
   4.50000
  -4.50000
   5.00000
  -5.00000
   5.00000
   5.00000
   5.00000
  -5.00000
   4.50000
   4.50000
  -7.00000
  -4.50000
  -7.00000
   4.50000
   4.50000
   4.50000
  -7.00000
   5.00000
   5.00000
  -5.00000
  -7.00000
  -4.50000
   4.50000
  -4.50000
  -7.00000
   4.50000
  -7.00000
  -4.50000
   4.50000
   5.00000
   5.00000
  -5.00000
  -5.00000
  -4.50000
  -4.50000
  -5.00000
  -4.50000
  -7.00000
  -5.00000
  -7.00000
  -4.50000
  -4.50000
  -5.00000
  -7.00000
  -4.50000
  -5.00000
  -4.50000
  -7.00000
  -5.00000
  -4.50000
  -4.50000
  -7.00000
  -5.00000
  -7.00000
  -4.50000
  -5.00000
  -4.50000
  -4.50000
  -5.00000
   5.00000
   4.50000
   4.50000
   4.50000
   4.50000
   7.15671
   4.50000
   7.15671
   4.50000
   4.50000
   4.50000
   7.15671
   4.50000
   5.00000
   4.50000
   7.15671
   4.50000
   4.50000
   4.50000
   7.15671
   4.50000
   7.15671
   4.50000
   4.50000
   4.50000
   4.50000
   5.00000
   1.17773
  -0.25000
  -0.25000
   0.25000
   0.30240
   0.45868
   0.25000
   0.45868
   0.30240
   0.00000
  -0.25000
   0.02604
  -0.25000
  -0.00001
  -0.25000
   0.02605
   0.25000
  -0.00001
  -0.00000
   0.02604
  -0.25000
   0.02605
  -0.00001
   0.25000
  -0.25000
  -0.25000
  -0.00001
  -0.00001
  -0.25000
  -0.25000
  -0.25000
  -0.00000
   0.02604
   0.25000
   0.02605
  -0.00001
   0.30240
   0.25000
   0.45868
  -0.25000
   1.17773
  -0.25000
   0.45868
   0.25000
   0.30240
  -0.00001
   0.02605
   0.25000
   0.02604
  -0.00000
  -0.25000
  -0.25000
  -0.25000
  -0.00001
  -0.00001
  -0.25000
  -0.25000
   0.25000
  -0.00001
   0.02605
  -0.25000
   0.02604
  -0.00000
  -0.00001
   0.25000
   0.02605
  -0.25000
  -0.00001
  -0.25000
   0.02604
  -0.25000
   0.00000
   0.30240
   0.45868
   0.25000
   0.45868
   0.30240
   0.25000
  -0.25000
  -0.25000
   1.17773
  -5.00000
   4.50000
   4.50000
   5.00000
  -4.50000
  -7.00000
   5.00000
  -7.00000
  -4.50000
   4.50000
  -5.00000
  -7.00000
  -4.50000
   5.00000
   4.50000
  -7.00000
   5.00000
   4.50000
   4.50000
  -7.00000
  -5.00000
  -7.00000
   4.50000
   5.00000
  -4.50000
   4.50000
   5.00000
   1.17773
   0.25000
   0.25000
  -0.25000
   0.30240
   0.45868
  -0.25000
   0.45868
   0.30240
   0.00000
  -0.25000
   0.02605
  -0.25000
  -0.00001
   0.25000
   0.02604
  -0.25000
  -0.00001
  -0.00000
   0.02605
  -0.25000
   0.02604
  -0.00001
  -0.25000
  -0.25000
   0.25000
  -0.00001
   5.00000
  -4.50000
  -4.50000
  -4.50000
   4.50000
   7.15671
  -4.50000
   7.15671
   4.50000
  -4.50000
   4.50000
   7.15671
   4.50000
  -5.00000
  -4.50000
   7.15671
  -4.50000
  -4.50000
  -4.50000
   7.15670
   4.50000
   7.15670
  -4.50000
  -4.50000
   4.50000
  -4.50000
  -5.00000
  -0.00001
   0.25000
   0.25000
  -0.25000
   0.00001
   0.02605
   0.25000
   0.02605
   0.00000
   0.00001
   0.25000
   0.02605
  -0.25000
  -0.00001
   0.25000
   0.02605
   0.25000
   0.00000
  -0.30240
   0.45869
   0.25000
   0.45868
  -0.30240
  -0.25000
  -0.25000
   0.25000
  -1.17774
  -0.00001
   0.25000
   0.25000
   0.25000
  -0.00000
   0.02605
  -0.25000
   0.02605
   0.00001
  -0.30240
   0.25000
   0.45869
  -0.25000
  -1.17774
   0.25000
   0.45868
  -0.25000
  -0.30240
   0.00001
   0.02605
   0.25000
   0.02605
  -0.00000
   0.25000
  -0.25000
   0.25000
  -0.00001
   5.00000
  -4.50000
   4.50000
  -5.00000
   4.50000
  -7.00000
   5.00000
  -7.00000
   4.50000
  -4.50000
   5.00000
  -7.00000
   4.50000
  -5.00000
   4.50000
  -7.00000
   5.00000
  -4.50000
   4.50000
  -7.00000
   5.00000
  -7.00000
   4.50000
  -5.00000
   4.50000
  -4.50000
   5.00000
  -0.00001
  -0.25000
   0.25000
  -0.25000
  -0.00000
   0.02605
  -0.25000
   0.02604
  -0.00001
   0.30240
  -0.25000
   0.45868
   0.25000
   1.17773
   0.25000
   0.45868
  -0.25000
   0.30240
  -0.00001
   0.02604
  -0.25000
   0.02605
  -0.00000
  -0.25000
   0.25000
  -0.25000
  -0.00001
  -0.00001
  -0.25000
   0.25000
   0.25000
   0.00001
   0.02605
   0.25000
   0.02605
   0.00000
   0.00001
  -0.25000
   0.02605
   0.25000
  -0.00001
   0.25000
   0.02605
   0.25000
   0.00000
  -0.30240
   0.45868
  -0.25000
   0.45869
  -0.30240
   0.25000
   0.25000
  -0.25000
  -1.17774
  -5.00000
   4.50000
  -4.50000
   4.50000
  -4.50000
   7.15671
  -4.50000
   7.15671
  -4.50000
   4.50000
  -4.50000
   7.15671
  -4.50000
   5.00000
  -4.50000
   7.15671
  -4.50000
   4.50000
  -4.50000
   7.15670
  -4.50000
   7.15670
  -4.50000
   4.50000
  -4.50000
   4.50000
  -5.00000
  -1.17774
  -0.25000
   0.25000
   0.25000
  -0.30240
   0.45869
  -0.25000
   0.45868
  -0.30240
   0.00000
   0.25000
   0.02605
   0.25000
  -0.00001
   0.25000
   0.02605
  -0.25000
   0.00001
   0.00000
   0.02605
   0.25000
   0.02605
   0.00001
   0.25000
   0.25000
  -0.25000
  -0.00001
   5.00000
   4.50000
  -4.50000
   5.00000
   4.50000
  -7.00000
  -5.00000
  -7.00000
   4.50000
   4.50000
   5.00000
  -7.00000
   4.50000
   5.00000
  -4.50000
  -7.00000
  -5.00000
   4.50000
  -4.50000
  -7.00000
   5.00000
  -7.00000
  -4.50000
   5.00000
   4.50000
   4.50000
  -5.00000
  -0.00001
   0.25000
  -0.25000
  -0.25000
  -0.00001
   0.02604
  -0.25000
   0.02605
  -0.00000
  -0.00001
  -0.25000
   0.02604
   0.25000
  -0.00001
  -0.25000
   0.02605
  -0.25000
   0.00000
   0.30240
   0.45868
  -0.25000
   0.45868
   0.30240
  -0.25000
   0.25000
   0.25000
   1.17773
  -0.00001
   0.25000
  -0.25000
   0.25000
  -0.00000
   0.02605
   0.25000
   0.02605
   0.00001
  -0.30240
  -0.25000
   0.45868
   0.25000
  -1.17774
  -0.25000
   0.45869
   0.25000
  -0.30240
   0.00001
   0.02605
  -0.25000
   0.02605
  -0.00000
   0.25000
   0.25000
   0.25000
  -0.00001
  -1.17774
   0.25000
  -0.25000
  -0.25000
  -0.30240
   0.45868
   0.25000
   0.45869
  -0.30240
   0.00000
   0.25000
   0.02605
   0.25000
  -0.00001
  -0.25000
   0.02605
   0.25000
   0.00001
   0.00000
   0.02605
   0.25000
   0.02605
   0.00001
  -0.25000
   0.25000
   0.25000
  -0.00001
  -5.00000
  -4.50000
   4.50000
  -4.50000
  -4.50000
   7.15671
   4.50000
   7.15671
  -4.50000
  -4.50000
  -4.50000
   7.15671
  -4.50000
  -5.00000
   4.50000
   7.15671
   4.50000
  -4.50000
   4.50000
   7.15671
  -4.50000
   7.15671
   4.50000
  -4.50000
  -4.50000
  -4.50000
   5.00000
  -5.00000
  -4.50000
  -4.50000
  -4.50000
  -4.50000
  -7.15670
  -4.50000
  -7.15670
  -4.50000
  -4.50000
  -4.50000
  -7.15670
  -4.50000
  -5.00000
  -4.50000
  -7.15670
  -4.50000
  -4.50000
  -4.50000
  -7.15670
  -4.50000
  -7.15670
  -4.50000
  -4.50000
  -4.50000
  -4.50000
  -5.00000
   5.00000
   4.50000
   4.50000
   5.00000
   4.50000
   7.00000
   5.00000
   7.00000
   4.50000
   4.50000
   5.00000
   7.00000
   4.50000
   5.00000
   4.50000
   7.00000
   5.00000
   4.50000
   4.50000
   7.00000
   5.00000
   7.00000
   4.50000
   5.00000
   4.50000
   4.50000
   5.00000
  -1.17773
   0.25000
   0.25000
  -0.25000
  -0.30240
  -0.45869
  -0.25000
  -0.45869
  -0.30240
   0.00000
   0.25000
  -0.02605
   0.25000
   0.00000
   0.25000
  -0.02605
  -0.25000
  -0.00000
   0.00000
  -0.02605
   0.25000
  -0.02605
  -0.00000
  -0.25000
   0.25000
   0.25000
   0.00000
   0.00000
   0.25000
   0.25000
   0.25000
  -0.00000
  -0.02605
  -0.25000
  -0.02605
  -0.00000
  -0.30240
  -0.25000
  -0.45869
   0.25000
  -1.17773
   0.25000
  -0.45869
  -0.25000
  -0.30240
  -0.00000
  -0.02605
  -0.25000
  -0.02605
   0.00000
   0.25000
   0.25000
   0.25000
   0.00000
   0.00000
   0.25000
   0.25000
  -0.25000
  -0.00000
  -0.02605
   0.25000
  -0.02605
  -0.00000
  -0.00000
  -0.25000
  -0.02605
   0.25000
   0.00000
   0.25000
  -0.02605
   0.25000
   0.00000
  -0.30240
  -0.45869
  -0.25000
  -0.45869
  -0.30240
  -0.25000
   0.25000
   0.25000
  -1.17773
   5.00000
   5.00000
   5.00000
   4.50000
   4.50000
   7.00000
   4.50000
   7.00000
   4.50000
   4.50000
   4.50000
   7.00000
   5.00000
   5.00000
   5.00000
   7.00000
   4.50000
   4.50000
   4.50000
   7.00000
   4.50000
   7.00000
   4.50000
   4.50000
   5.00000
   5.00000
   5.00000
  -0.00000
  -0.00000
  -0.00000
  -0.00000
   0.00000
 -27.42320
  -0.00000
 -27.42320
   0.00000
   0.00000
  -0.00000
 -27.42320
  -0.00000
  -0.00000
  -0.00000
 -27.42320
  -0.00000
   0.00000
   0.00000
 -27.42320
  -0.00000
 -27.42320
   0.00000
  -0.00000
  -0.00000
  -0.00000
  -0.00000
   5.00000
  -5.00000
  -5.00000
  -4.50000
   4.50000
   7.00000
  -4.50000
   7.00000
   4.50000
  -4.50000
   4.50000
   7.00000
   5.00000
  -5.00000
  -5.00000
   7.00000
  -4.50000
  -4.50000
  -4.50000
   7.00000
   4.50000
   7.00000
  -4.50000
  -4.50000
   5.00000
  -5.00000
  -5.00000
  -5.00000
   5.00000
  -5.00000
   4.50000
  -4.50000
   7.00000
  -4.50000
   7.00000
  -4.50000
   4.50000
  -4.50000
   7.00000
  -5.00000
   5.00000
  -5.00000
   7.00000
  -4.50000
   4.50000
  -4.50000
   7.00000
  -4.50000
   7.00000
  -4.50000
   4.50000
  -5.00000
   5.00000
  -5.00000
  -5.00000
  -5.00000
   5.00000
  -4.50000
  -4.50000
   7.00000
   4.50000
   7.00000
  -4.50000
  -4.50000
  -4.50000
   7.00000
  -5.00000
  -5.00000
   5.00000
   7.00000
   4.50000
  -4.50000
   4.50000
   7.00000
  -4.50000
   7.00000
   4.50000
  -4.50000
  -5.00000
  -5.00000
   5.00000
  -1.17773
  -0.25000
  -0.25000
   0.25000
  -0.30240
  -0.45869
   0.25000
  -0.45869
  -0.30240
   0.00000
   0.25000
  -0.02605
   0.25000
   0.00000
  -0.25000
  -0.02605
   0.25000
  -0.00000
   0.00000
  -0.02605
   0.25000
  -0.02605
  -0.00000
   0.25000
   0.25000
  -0.25000
   0.00000
   5.00000
  -4.50000
  -4.50000
  -5.00000
   4.50000
   7.00000
  -5.00000
   7.00000
   4.50000
  -4.50000
   5.00000
   7.00000
   4.50000
  -5.00000
  -4.50000
   7.00000
  -5.00000
  -4.50000
  -4.50000
   7.00000
   5.00000
   7.00000
  -4.50000
  -5.00000
   4.50000
  -4.50000
  -5.00000
  -5.00000
   4.50000
   4.50000
   4.50000
  -4.50000
  -7.15671
   4.50000
  -7.15671
  -4.50000
   4.50000
  -4.50000
  -7.15670
  -4.50000
   5.00000
   4.50000
  -7.15670
   4.50000
   4.50000
   4.50000
  -7.15670
  -4.50000
  -7.15670
   4.50000
   4.50000
  -4.50000
   4.50000
   5.00000
   0.00000
  -0.25000
  -0.25000
   0.25000
   0.00000
  -0.02605
  -0.25000
  -0.02605
   0.00000
   0.00000
  -0.25000
  -0.02605
   0.25000
   0.00000
  -0.25000
  -0.02605
  -0.25000
  -0.00000
   0.30240
  -0.45869
  -0.25000
  -0.45869
   0.30240
   0.25000
   0.25000
  -0.25000
   1.17773
   0.00000
  -0.25000
  -0.25000
  -0.25000
   0.00000
  -0.02605
   0.25000
  -0.02605
   0.00000
   0.30240
  -0.25000
  -0.45869
   0.25000
   1.17773
  -0.25000
  -0.45869
   0.25000
   0.30240
   0.00000
  -0.02605
  -0.25000
  -0.02605
  -0.00000
  -0.25000
   0.25000
  -0.25000
   0.00000
   0.00000
   0.25000
  -0.25000
   0.25000
  -0.00000
  -0.02605
   0.25000
  -0.02605
  -0.00000
  -0.30240
   0.25000
  -0.45869
  -0.25000
  -1.17773
  -0.25000
  -0.45869
   0.25000
  -0.30240
  -0.00000
  -0.02605
   0.25000
  -0.02605
   0.00000
   0.25000
  -0.25000
   0.25000
   0.00000
  -5.00000
   4.50000
  -4.50000
   5.00000
  -4.50000
   7.00000
  -5.00000
   7.00000
  -4.50000
   4.50000
  -5.00000
   7.00000
  -4.50000
   5.00000
  -4.50000
   7.00000
  -5.00000
   4.50000
  -4.50000
   7.00000
  -5.00000
   7.00000
  -4.50000
   5.00000
  -4.50000
   4.50000
  -5.00000
   0.00000
   0.25000
  -0.25000
  -0.25000
   0.00000
  -0.02605
  -0.25000
  -0.02605
   0.00000
   0.00000
   0.25000
  -0.02605
  -0.25000
   0.00000
  -0.25000
  -0.02605
  -0.25000
  -0.00000
   0.30240
  -0.45869
   0.25000
  -0.45869
   0.30240
  -0.25000
  -0.25000
   0.25000
   1.17773
   5.00000
  -4.50000
   4.50000
  -4.50000
   4.50000
  -7.15670
   4.50000
  -7.15670
   4.50000
  -4.50000
   4.50000
  -7.15671
   4.50000
  -5.00000
   4.50000
  -7.15671
   4.50000
  -4.50000
   4.50000
  -7.15670
   4.50000
  -7.15670
   4.50000
  -4.50000
   4.50000
  -4.50000
   5.00000
   1.17773
   0.25000
  -0.25000
  -0.25000
   0.30240
  -0.45869
   0.25000
  -0.45869
   0.30240
   0.00000
  -0.25000
  -0.02605
  -0.25000
   0.00000
  -0.25000
  -0.02605
   0.25000
   0.00000
   0.00000
  -0.02605
  -0.25000
  -0.02605
   0.00000
  -0.25000
  -0.25000
   0.25000
   0.00000
   0.00000
  -0.25000
   0.25000
   0.25000
  -0.00000
  -0.02605
   0.25000
  -0.02605
  -0.00000
  -0.00000
   0.25000
  -0.02605
  -0.25000
   0.00000
   0.25000
  -0.02605
   0.25000
   0.00000
  -0.30240
  -0.45869
   0.25000
  -0.45869
  -0.30240
   0.25000
  -0.25000
  -0.25000
  -1.17773
  -5.00000
  -4.50000
   4.50000
  -5.00000
  -4.50000
   7.00000
   5.00000
   7.00000
  -4.50000
  -4.50000
  -5.00000
   7.00000
  -4.50000
  -5.00000
   4.50000
   7.00000
   5.00000
  -4.50000
   4.50000
   7.00000
  -5.00000
   7.00000
   4.50000
  -5.00000
  -4.50000
  -4.50000
   5.00000
   0.00000
  -0.25000
   0.25000
  -0.25000
   0.00000
  -0.02605
  -0.25000
  -0.02605
   0.00000
   0.30240
   0.25000
  -0.45869
  -0.25000
   1.17773
   0.25000
  -0.45869
  -0.25000
   0.30240
   0.00000
  -0.02605
   0.25000
  -0.02605
  -0.00000
  -0.25000
  -0.25000
  -0.25000
   0.00000
   1.17773
  -0.25000
   0.25000
   0.25000
   0.30240
  -0.45869
  -0.25000
  -0.45869
   0.30240
   0.00000
  -0.25000
  -0.02605
  -0.25000
   0.00000
   0.25000
  -0.02605
  -0.25000
   0.00000
   0.00000
  -0.02605
  -0.25000
  -0.02605
   0.00000
   0.25000
  -0.25000
  -0.25000
   0.00000
   5.00000
   4.50000
  -4.50000
   4.50000
   4.50000
  -7.15670
  -4.50000
  -7.15670
   4.50000
   4.50000
   4.50000
  -7.15670
   4.50000
   5.00000
  -4.50000
  -7.15670
  -4.50000
   4.50000
  -4.50000
  -7.15671
   4.50000
  -7.15671
  -4.50000
   4.50000
   4.50000
   4.50000
  -5.00000
