  17.72120
  -0.00000
  -0.00000
  -0.00000
  17.72120
  -0.00000
  -0.00000
  -0.00000
  17.72120
  -4.57176
  -2.87631
  -2.87631
  -2.87631
  -4.57176
  -2.87631
  -2.87631
  -2.87631
  -4.57176
  -4.57176
   2.87631
   2.87631
   2.87627
  -4.57172
  -2.87627
   2.87627
  -2.87627
  -4.57172
  -4.57172
   2.87627
  -2.87627
   2.87631
  -4.57176
   2.87631
  -2.87627
   2.87627
  -4.57172
  -4.57172
  -2.87627
   2.87627
  -2.87627
  -4.57172
   2.87627
   2.87631
   2.87631
  -4.57176
   0.28288
   0.14144
   0.14144
  -0.14144
  -0.07072
  -0.07072
  -0.14144
  -0.07072
  -0.07072
   0.28288
  -0.14144
  -0.14144
   0.14144
  -0.07072
  -0.07072
   0.14144
  -0.07072
  -0.07072
   0.28287
   0.14144
  -0.14144
  -0.14144
  -0.07072
   0.07072
   0.14144
   0.07072
  -0.07072
   0.28287
  -0.14144
   0.14144
   0.14144
  -0.07072
   0.07072
  -0.14144
   0.07072
  -0.07072
  -0.07072
  -0.14144
  -0.07072
   0.14144
   0.28288
   0.14144
  -0.07072
  -0.14144
  -0.07072
  -0.07072
   0.14144
  -0.07072
  -0.14144
   0.28288
  -0.14144
  -0.07072
   0.14144
  -0.07072
  -0.07072
  -0.14144
   0.07072
   0.14144
   0.28287
  -0.14144
   0.07072
   0.14144
  -0.07072
  -0.07072
   0.14144
   0.07072
  -0.14144
   0.28287
   0.14144
   0.07072
  -0.14144
  -0.07072
  -0.07072
  -0.07072
  -0.14144
  -0.07072
  -0.07072
  -0.14144
   0.14144
   0.14144
   0.28288
  -0.07072
  -0.07072
   0.14144
  -0.07072
  -0.07072
   0.14144
  -0.14144
  -0.14144
   0.28288
  -0.07072
   0.07072
  -0.14144
   0.07072
  -0.07072
   0.14144
   0.14144
  -0.14144
   0.28287
  -0.07072
   0.07072
   0.14144
   0.07072
  -0.07072
  -0.14144
  -0.14144
   0.14144
   0.28287
  -0.00000
  -0.00000
  -0.00000
  -0.00000
  -0.00000
  -0.00000
  -0.00000
  -0.00000
  -0.00000
  -0.00000
  -0.00000
  -0.00000
  -0.00000
  -0.00000
  -0.00000
  -0.00000
  -0.00000
  -0.00000
  -0.00000
  -0.00000
  -0.00000
  -0.00000
  -0.00000
  -0.00000
  -0.00000
  -0.00000
  -0.00000
  -0.00000
  -0.00000
  -0.00000
  -0.00000
  -0.00000
  -0.00000
  -0.00000
  -0.00000
  -0.00000
  -0.00000
  -0.00000
  -0.00000
  -0.00000
  -0.00000
  -0.00000
  -0.00000
  -0.00000
  -0.00000
  -0.00000
  -0.00000
  -0.00000
  -0.00000
  -0.00000
  -0.00000
  -0.00000
  -0.00000
  -0.00000
  -0.00000
  -0.00000
  -0.00000
  -0.00000
  -0.00000
  -0.00000
  -0.00000
  -0.00000
  -0.00000
  -0.00000
  -0.00000
  -0.00000
  -0.00000
  -0.00000
  -0.00000
  -0.00000
  -0.00000
  -0.00000
  -0.00000
  -0.00000
  -0.00000
  -0.00000
  -0.00000
  -0.00000
  -0.00000
  -0.00000
  -0.00000
  -0.00000
  -0.00000
  -0.00000
  -0.00000
  -0.00000
  -0.00000
  -0.00000
  -0.00000
  -0.00000
  -0.00000
  -0.00000
  -0.00000
  -0.00000
  -0.00000
  -0.00000
  -0.00000
  -0.00000
  -0.00000
  -0.00000
  -0.00000
  -0.00000
  -0.00000
  -0.00000
  -0.00000
  -0.00000
  -0.00000
  -0.00000
  -4.57172
  -2.87627
  -2.87627
  -2.87627
  -4.57172
  -2.87627
  -2.87627
  -2.87627
  -4.57172
  17.72120
  -0.00000
  -0.00000
  -0.00000
  17.72120
  -0.00000
  -0.00000
  -0.00000
  17.72120
   0.28287
   0.14144
   0.14144
  -0.14144
  -0.07072
  -0.07072
  -0.14144
  -0.07072
  -0.07072
  -0.07072
  -0.14144
  -0.07072
   0.14144
   0.28287
   0.14144
  -0.07072
  -0.14144
  -0.07072
  -0.07072
  -0.07072
  -0.14144
  -0.07072
  -0.07072
  -0.14144
   0.14144
   0.14144
   0.28287
  -4.57172
   2.87627
   2.87627
   2.87631
  -4.57176
  -2.87631
   2.87631
  -2.87631
  -4.57176
  -0.00000
  -0.00000
  -0.00000
  -0.00000
  -0.00000
  -0.00000
  -0.00000
  -0.00000
  -0.00000
  -0.00000
  -0.00000
  -0.00000
  -0.00000
  -0.00000
  -0.00000
  -0.00000
  -0.00000
  -0.00000
  -4.57176
   2.87631
  -2.87631
   2.87627
  -4.57172
   2.87627
  -2.87631
   2.87631
  -4.57176
  -0.00000
  -0.00000
  -0.00000
  -0.00000
  -0.00000
  -0.00000
  -0.00000
  -0.00000
  -0.00000
  -0.00000
  -0.00000
  -0.00000
  -0.00000
  -0.00000
  -0.00000
  -0.00000
  -0.00000
  -0.00000
  -4.57176
  -2.87631
   2.87631
  -2.87631
  -4.57176
   2.87631
   2.87627
   2.87627
  -4.57172
  -0.00000
  -0.00000
  -0.00000
  -0.00000
  -0.00000
  -0.00000
  -0.00000
  -0.00000
  -0.00000
  -0.00000
  -0.00000
  -0.00000
  -0.00000
  -0.00000
  -0.00000
  -0.00000
  -0.00000
  -0.00000
   0.28288
  -0.14144
   0.14144
   0.14144
  -0.07072
   0.07072
  -0.14144
   0.07072
  -0.07072
   0.28288
   0.14144
  -0.14144
  -0.14144
  -0.07072
   0.07072
   0.14144
   0.07072
  -0.07072
  -0.07072
   0.14144
   0.07072
  -0.14144
   0.28288
   0.14144
   0.07072
  -0.14144
  -0.07072
  -0.07072
  -0.14144
   0.07072
   0.14144
   0.28288
  -0.14144
   0.07072
   0.14144
  -0.07072
  -0.07072
   0.07072
   0.14144
   0.07072
  -0.07072
  -0.14144
  -0.14144
   0.14144
   0.28288
  -0.07072
   0.07072
  -0.14144
   0.07072
  -0.07072
   0.14144
   0.14144
  -0.14144
   0.28288
   0.28287
  -0.14144
  -0.14144
   0.14144
  -0.07072
  -0.07072
   0.14144
  -0.07072
  -0.07072
  -0.07072
   0.14144
  -0.07072
  -0.14144
   0.28287
  -0.14144
  -0.07072
   0.14144
  -0.07072
  -0.07072
  -0.07072
   0.14144
  -0.07072
  -0.07072
   0.14144
  -0.14144
  -0.14144
   0.28287
