1772120.00000
   0.00003
  -0.00003
1772120.00000
  -0.00000
  27.42320
1772120.00000
  27.42320
  -0.00000
  -0.00000
1772120.00000
  27.42320
  -0.00000
1772120.00000
  -0.00000
  27.42320
1772120.00000
  -0.00000
  -0.00000
  27.42320
1772120.00000
  27.42320
  -0.00000
1772120.00000
  -0.00003
   0.00003
1772120.00000
-457182.00000
-287636.00000
-287636.00000
-457181.00000
-287636.00000
-287639.00000
-457181.00000
-287639.00000
-287636.00000
-287636.00000
-457181.00000
-287639.00000
-287636.00000
-457182.00000
-287636.00000
-287639.00000
-457181.00000
-287636.00000
-287636.00000
-287639.00000
-457181.00000
-287639.00000
-287636.00000
-457181.00000
-287636.00000
-287636.00000
-457182.00000
-457182.00000
287636.00000
287636.00000
-457172.00000
287627.00000
287624.18658
-457172.00000
287624.18658
287627.00000
287631.00000
-457176.00000
-287633.81342
287622.00000
-457166.00000
-287622.00000
287620.00000
-457167.00000
-287622.00000
287631.00000
-287633.81342
-457176.00000
287620.00000
-287622.00000
-457167.00000
287622.00000
-287622.00000
-457166.00000
-457166.00000
287622.00000
-287622.00000
-457176.00000
287631.00000
-287633.81339
-457167.00000
287620.00000
-287622.00000
287627.00000
-457172.00000
287624.18661
287636.00000
-457182.00000
287636.00000
287624.18661
-457172.00000
287627.00000
-287622.00000
287620.00000
-457167.00000
-287633.81339
287631.00000
-457176.00000
-287622.00000
287622.00000
-457166.00000
-457166.00000
-287622.00000
287622.00000
-457167.00000
-287622.00000
287620.00000
-457176.00000
-287633.81342
287631.00000
-287622.00000
-457167.00000
287620.00000
-287622.00000
-457166.00000
287622.00000
-287633.81342
-457176.00000
287631.00000
287627.00000
287624.18658
-457172.00000
287624.18658
287627.00000
-457172.00000
287636.00000
287636.00000
-457182.00000
1772112.00000
  -4.00000
  -4.00000
1772117.00000
  -4.00000
  -7.00000
1772117.00000
  -7.00000
  -4.00000
  -4.00000
1772117.00000
  -7.00000
  -4.00000
1772112.00000
  -4.00000
  -7.00000
1772117.00000
  -4.00000
  -4.00000
  -7.00000
1772117.00000
  -7.00000
  -4.00000
1772117.00000
  -4.00000
  -4.00000
1772112.00000
-457170.00000
-287627.00000
-287627.00000
-457172.00000
-287630.00000
-287624.00000
-457172.00000
-287624.00000
-287630.00000
-287630.00000
-457172.00000
-287624.00000
-287627.00000
-457170.00000
-287627.00000
-287624.00000
-457172.00000
-287630.00000
-287630.00000
-287624.00000
-457172.00000
-287624.00000
-287630.00000
-457172.00000
-287627.00000
-287627.00000
-457170.00000
-457175.20000
287631.20000
287631.20000
-457176.40000
287631.82000
287631.75000
-457176.40000
287631.75000
287631.82000
287626.80000
-457171.80000
-287626.80000
287626.60000
-457171.18000
-287627.25000
287626.60000
-457171.25000
-287627.18000
287626.80000
-287626.80000
-457171.80000
287626.60000
-287627.18000
-457171.25000
287626.60000
-287627.25000
-457171.18000
-457171.18000
287626.60000
-287627.25000
-457171.80000
287626.80000
-287626.80000
-457171.25000
287626.60000
-287627.18000
287631.82000
-457176.40000
287631.75000
287631.20000
-457175.20000
287631.20000
287631.75000
-457176.40000
287631.82000
-287627.18000
287626.60000
-457171.25000
-287626.80000
287626.80000
-457171.80000
-287627.25000
287626.60000
-457171.18000
-457171.18000
-287627.25000
287626.60000
-457171.25000
-287627.18000
287626.60000
-457171.80000
-287626.80000
287626.80000
-287627.18000
-457171.25000
287626.60000
-287627.25000
-457171.18000
287626.60000
-287626.80000
-457171.80000
287626.80000
287631.82000
287631.75000
-457176.40000
287631.75000
287631.82000
-457176.40000
287631.20000
287631.20000
-457175.20000
1772112.00000
   4.00000
   4.00000
1772129.00000
  -5.00000
  -7.00000
1772129.00000
  -7.00000
  -5.00000
   5.00000
1772113.00000
  -7.00000
  -4.00000
1772126.00000
   4.00000
  -7.00000
1772121.00000
   4.00000
   5.00000
  -7.00000
1772113.00000
  -7.00000
   4.00000
1772121.00000
  -4.00000
   4.00000
1772126.00000
-457175.20000
-287631.20000
-287631.20000
-457176.90000
-287631.04000
-287630.96000
-457176.90000
-287630.96000
-287631.04000
-287631.20000
-457176.20000
-287631.20000
-287631.90000
-457176.04000
-287630.96000
-287630.90000
-457176.96000
-287631.04000
-287631.20000
-287631.20000
-457176.20000
-287630.90000
-287631.04000
-457176.96000
-287631.90000
-287630.96000
-457176.04000
-457170.00000
287627.00000
287627.00000
-457181.00000
287640.00000
287638.00000
-457181.00000
287638.00000
287640.00000
287620.00000
-457167.00000
-287620.00000
287631.00000
-457180.00000
-287631.00000
287634.00000
-457176.00000
-287630.00000
287620.00000
-287620.00000
-457167.00000
287634.00000
-287630.00000
-457176.00000
287631.00000
-287631.00000
-457180.00000
-457171.18000
287627.25000
-287626.60000
-457172.04000
287626.96000
-287627.10000
-457171.20000
287627.20000
-287626.90000
287630.82000
-457176.75000
287631.40000
287630.96000
-457176.04000
287631.90000
287631.80000
-457176.80000
287631.10000
-287627.18000
287627.25000
-457171.60000
-287626.04000
287626.96000
-457172.10000
-287627.20000
287627.20000
-457172.90000
-457171.18000
-287626.60000
287627.25000
-457171.20000
-287626.90000
287627.20000
-457172.04000
-287627.10000
287626.96000
-287627.18000
-457171.60000
287627.25000
-287627.20000
-457172.90000
287627.20000
-287626.04000
-457172.10000
287626.96000
287630.82000
287631.40000
-457176.75000
287631.80000
287631.10000
-457176.80000
287630.96000
287631.90000
-457176.04000
1772126.00000
  -4.00000
   4.00000
1772113.00000
   5.00000
  -7.00000
1772121.00000
  -7.00000
   4.00000
  -5.00000
1772129.00000
  -7.00000
   4.00000
1772112.00000
   4.00000
  -7.00000
1772129.00000
  -5.00000
   4.00000
  -7.00000
1772121.00000
  -7.00000
   5.00000
1772113.00000
   4.00000
  -4.00000
1772126.00000
-457176.04000
-287631.90000
-287630.96000
-457176.20000
-287631.20000
-287631.20000
-457176.96000
-287630.90000
-287631.04000
-287631.04000
-457176.90000
-287630.96000
-287631.20000
-457175.20000
-287631.20000
-287630.96000
-457176.90000
-287631.04000
-287631.04000
-287630.90000
-457176.96000
-287631.20000
-287631.20000
-457176.20000
-287630.96000
-287631.90000
-457176.04000
-457176.04000
287630.96000
287631.90000
-457176.75000
287630.82000
287631.40000
-457176.80000
287631.80000
287631.10000
287626.96000
-457172.04000
-287627.10000
287627.25000
-457171.18000
-287626.60000
287627.20000
-457171.20000
-287626.90000
287626.96000
-287626.04000
-457172.10000
287627.25000
-287627.18000
-457171.60000
287627.20000
-287627.20000
-457172.90000
-457180.00000
287631.00000
-287631.00000
-457167.00000
287620.00000
-287620.00000
-457176.00000
287634.00000
-287630.00000
287640.00000
-457181.00000
287638.00000
287627.00000
-457170.00000
287627.00000
287638.00000
-457181.00000
287640.00000
-287630.00000
287634.00000
-457176.00000
-287620.00000
287620.00000
-457167.00000
-287631.00000
287631.00000
-457180.00000
-457172.90000
-287627.20000
287627.20000
-457171.60000
-287627.18000
287627.25000
-457172.10000
-287626.04000
287626.96000
-287626.90000
-457171.20000
287627.20000
-287626.60000
-457171.18000
287627.25000
-287627.10000
-457172.04000
287626.96000
287631.10000
287631.80000
-457176.80000
287631.40000
287630.82000
-457176.75000
287631.90000
287630.96000
-457176.04000
1772126.00000
   4.00000
  -4.00000
1772121.00000
   4.00000
  -7.00000
1772113.00000
  -7.00000
   5.00000
   4.00000
1772121.00000
  -7.00000
   4.00000
1772126.00000
  -4.00000
  -7.00000
1772113.00000
   5.00000
  -5.00000
  -7.00000
1772129.00000
  -7.00000
  -5.00000
1772129.00000
   4.00000
   4.00000
1772112.00000
-457176.04000
-287630.96000
-287631.90000
-457176.96000
-287631.04000
-287630.90000
-457176.20000
-287631.20000
-287631.20000
-287631.04000
-457176.96000
-287630.90000
-287630.96000
-457176.04000
-287631.90000
-287631.20000
-457176.20000
-287631.20000
-287631.04000
-287630.96000
-457176.90000
-287630.96000
-287631.04000
-457176.90000
-287631.20000
-287631.20000
-457175.20000
-457176.04000
287631.90000
287630.96000
-457176.80000
287631.10000
287631.80000
-457176.75000
287631.40000
287630.82000
287626.96000
-457172.10000
-287626.04000
287627.20000
-457172.90000
-287627.20000
287627.25000
-457171.60000
-287627.18000
287626.96000
-287627.10000
-457172.04000
287627.20000
-287626.90000
-457171.20000
287627.25000
-287626.60000
-457171.18000
-457172.90000
287627.20000
-287627.20000
-457172.10000
287626.96000
-287626.04000
-457171.60000
287627.25000
-287627.18000
287631.10000
-457176.80000
287631.80000
287631.90000
-457176.04000
287630.96000
287631.40000
-457176.75000
287630.82000
-287626.90000
287627.20000
-457171.20000
-287627.10000
287626.96000
-457172.04000
-287626.60000
287627.25000
-457171.18000
-457180.00000
-287631.00000
287631.00000
-457176.00000
-287630.00000
287634.00000
-457167.00000
-287620.00000
287620.00000
-287630.00000
-457176.00000
287634.00000
-287631.00000
-457180.00000
287631.00000
-287620.00000
-457167.00000
287620.00000
287640.00000
287638.00000
-457181.00000
287638.00000
287640.00000
-457181.00000
287627.00000
287627.00000
-457170.00000
-457180.00000
-287631.00000
-287631.00000
-457176.00000
-287630.00000
-287634.00000
-457176.00000
-287634.00000
-287630.00000
-287630.00000
-457176.00000
-287634.00000
-287631.00000
-457180.00000
-287631.00000
-287634.00000
-457176.00000
-287630.00000
-287630.00000
-287634.00000
-457176.00000
-287634.00000
-287630.00000
-457176.00000
-287631.00000
-287631.00000
-457180.00000
1772126.00000
   4.00000
   4.00000
1772121.00000
   4.00000
   7.00000
1772121.00000
   7.00000
   4.00000
   4.00000
1772121.00000
   7.00000
   4.00000
1772126.00000
   4.00000
   7.00000
1772121.00000
   4.00000
   4.00000
   7.00000
1772121.00000
   7.00000
   4.00000
1772121.00000
   4.00000
   4.00000
1772126.00000
-457172.90000
287627.20000
287627.20000
-457172.10000
287626.96000
287626.04000
-457172.10000
287626.04000
287626.96000
287631.10000
-457176.80000
-287631.80000
287631.90000
-457176.04000
-287630.96000
287630.90000
-457176.96000
-287631.04000
287631.10000
-287631.80000
-457176.80000
287630.90000
-287631.04000
-457176.96000
287631.90000
-287630.96000
-457176.04000
-457176.04000
287631.90000
-287630.96000
-457176.80000
287631.10000
-287631.80000
-457176.96000
287630.90000
-287631.04000
287626.96000
-457172.10000
287626.04000
287627.20000
-457172.90000
287627.20000
287626.04000
-457172.10000
287626.96000
-287631.04000
287630.90000
-457176.96000
-287631.80000
287631.10000
-457176.80000
-287630.96000
287631.90000
-457176.04000
-457176.04000
-287630.96000
287631.90000
-457176.96000
-287631.04000
287630.90000
-457176.80000
-287631.80000
287631.10000
-287631.04000
-457176.96000
287630.90000
-287630.96000
-457176.04000
287631.90000
-287631.80000
-457176.80000
287631.10000
287626.96000
287626.04000
-457172.10000
287626.04000
287626.96000
-457172.10000
287627.20000
287627.20000
-457172.90000
-457166.00000
-287622.00000
-287622.00000
-457167.00000
-287622.00000
-287620.00000
-457167.00000
-287620.00000
-287622.00000
-287622.00000
-457167.00000
-287620.00000
-287622.00000
-457166.00000
-287622.00000
-287620.00000
-457167.00000
-287622.00000
-287622.00000
-287620.00000
-457167.00000
-287620.00000
-287622.00000
-457167.00000
-287622.00000
-287622.00000
-457166.00000
1772120.00000
   0.00000
   0.00000
1772120.00000
  -0.00000
 -27.42320
1772120.00000
 -27.42320
  -0.00000
  -0.00000
1772120.00000
 -27.42320
   0.00000
1772120.00000
   0.00000
 -27.42320
1772120.00000
  -0.00000
  -0.00000
 -27.42320
1772120.00000
 -27.42320
  -0.00000
1772120.00000
   0.00000
   0.00000
1772120.00000
-457166.00000
287622.00000
287622.00000
-457176.00000
287631.00000
287633.81342
-457176.00000
287633.81342
287631.00000
287627.00000
-457172.00000
-287624.18658
287636.00000
-457182.00000
-287636.00000
287639.00000
-457181.00000
-287636.00000
287627.00000
-287624.18658
-457172.00000
287639.00000
-287636.00000
-457181.00000
287636.00000
-287636.00000
-457182.00000
-457182.00000
287636.00000
-287636.00000
-457172.00000
287627.00000
-287624.18658
-457181.00000
287639.00000
-287636.00000
287631.00000
-457176.00000
287633.81342
287622.00000
-457166.00000
287622.00000
287633.81342
-457176.00000
287631.00000
-287636.00000
287639.00000
-457181.00000
-287624.18658
287627.00000
-457172.00000
-287636.00000
287636.00000
-457182.00000
-457182.00000
-287636.00000
287636.00000
-457181.00000
-287636.00000
287639.00000
-457172.00000
-287624.18658
287627.00000
-287636.00000
-457181.00000
287639.00000
-287636.00000
-457182.00000
287636.00000
-287624.18658
-457172.00000
287627.00000
287631.00000
287633.81342
-457176.00000
287633.81342
287631.00000
-457176.00000
287622.00000
287622.00000
-457166.00000
-457172.90000
-287627.20000
-287627.20000
-457171.60000
-287627.18000
-287627.25000
-457171.60000
-287627.25000
-287627.18000
-287626.90000
-457171.20000
-287627.20000
-287626.60000
-457171.18000
-287627.25000
-287626.60000
-457171.25000
-287627.18000
-287626.90000
-287627.20000
-457171.20000
-287626.60000
-287627.18000
-457171.25000
-287626.60000
-287627.25000
-457171.18000
1772126.00000
  -4.00000
  -4.00000
1772113.00000
   5.00000
   7.00000
1772113.00000
   7.00000
   5.00000
  -5.00000
1772129.00000
   7.00000
   4.00000
1772112.00000
  -4.00000
   7.00000
1772117.00000
  -4.00000
  -5.00000
   7.00000
1772129.00000
   7.00000
  -4.00000
1772117.00000
   4.00000
  -4.00000
1772112.00000
-457180.00000
287631.00000
287631.00000
-457167.00000
287620.00000
287620.00000
-457167.00000
287620.00000
287620.00000
287640.00000
-457181.00000
-287638.00000
287627.00000
-457170.00000
-287627.00000
287624.00000
-457172.00000
-287630.00000
287640.00000
-287638.00000
-457181.00000
287624.00000
-287630.00000
-457172.00000
287627.00000
-287627.00000
-457170.00000
-457176.04000
287630.96000
-287631.90000
-457176.75000
287630.82000
-287631.40000
-457176.20000
287631.20000
-287631.20000
287626.96000
-457172.04000
287627.10000
287627.25000
-457171.18000
287626.60000
287626.80000
-457171.80000
287626.80000
-287631.04000
287630.96000
-457176.90000
-287631.75000
287631.82000
-457176.40000
-287631.20000
287631.20000
-457175.20000
-457176.04000
-287631.90000
287630.96000
-457176.20000
-287631.20000
287631.20000
-457176.75000
-287631.40000
287630.82000
-287631.04000
-457176.90000
287630.96000
-287631.20000
-457175.20000
287631.20000
-287631.75000
-457176.40000
287631.82000
287626.96000
287627.10000
-457172.04000
287626.80000
287626.80000
-457171.80000
287627.25000
287626.60000
-457171.18000
-457171.18000
-287626.60000
-287627.25000
-457171.20000
-287626.90000
-287627.20000
-457171.25000
-287626.60000
-287627.18000
-287627.18000
-457171.60000
-287627.25000
-287627.20000
-457172.90000
-287627.20000
-287627.25000
-457171.60000
-287627.18000
-287627.18000
-287626.60000
-457171.25000
-287627.20000
-287626.90000
-457171.20000
-287627.25000
-287626.60000
-457171.18000
1772112.00000
   4.00000
  -4.00000
1772129.00000
  -5.00000
   7.00000
1772117.00000
   7.00000
  -4.00000
   5.00000
1772113.00000
   7.00000
  -4.00000
1772126.00000
  -4.00000
   7.00000
1772113.00000
   5.00000
  -4.00000
   7.00000
1772117.00000
   7.00000
  -5.00000
1772129.00000
  -4.00000
   4.00000
1772112.00000
-457171.18000
287627.25000
287626.60000
-457172.04000
287626.96000
287627.10000
-457171.80000
287626.80000
287626.80000
287630.82000
-457176.75000
-287631.40000
287630.96000
-457176.04000
-287631.90000
287631.20000
-457176.20000
-287631.20000
287631.82000
-287631.75000
-457176.40000
287630.96000
-287631.04000
-457176.90000
287631.20000
-287631.20000
-457175.20000
-457170.00000
287627.00000
-287627.00000
-457181.00000
287640.00000
-287638.00000
-457172.00000
287624.00000
-287630.00000
287620.00000
-457167.00000
287620.00000
287631.00000
-457180.00000
287631.00000
287620.00000
-457167.00000
287620.00000
-287630.00000
287624.00000
-457172.00000
-287638.00000
287640.00000
-457181.00000
-287627.00000
287627.00000
-457170.00000
-457175.20000
-287631.20000
287631.20000
-457176.90000
-287631.04000
287630.96000
-457176.40000
-287631.75000
287631.82000
-287631.20000
-457176.20000
287631.20000
-287631.90000
-457176.04000
287630.96000
-287631.40000
-457176.75000
287630.82000
287626.80000
287626.80000
-457171.80000
287627.10000
287626.96000
-457172.04000
287626.60000
287627.25000
-457171.18000
-457171.18000
-287627.25000
-287626.60000
-457171.25000
-287627.18000
-287626.60000
-457171.20000
-287627.20000
-287626.90000
-287627.18000
-457171.25000
-287626.60000
-287627.25000
-457171.18000
-287626.60000
-287627.20000
-457171.20000
-287626.90000
-287627.18000
-287627.25000
-457171.60000
-287627.25000
-287627.18000
-457171.60000
-287627.20000
-287627.20000
-457172.90000
1772112.00000
  -4.00000
   4.00000
1772117.00000
  -4.00000
   7.00000
1772129.00000
   7.00000
  -5.00000
  -4.00000
1772117.00000
   7.00000
  -4.00000
1772112.00000
   4.00000
   7.00000
1772129.00000
  -5.00000
   5.00000
   7.00000
1772113.00000
   7.00000
   5.00000
1772113.00000
  -4.00000
  -4.00000
1772126.00000
-457171.18000
287626.60000
287627.25000
-457171.80000
287626.80000
287626.80000
-457172.04000
287627.10000
287626.96000
287631.82000
-457176.40000
-287631.75000
287631.20000
-457175.20000
-287631.20000
287630.96000
-457176.90000
-287631.04000
287630.82000
-287631.40000
-457176.75000
287631.20000
-287631.20000
-457176.20000
287630.96000
-287631.90000
-457176.04000
-457175.20000
287631.20000
-287631.20000
-457176.40000
287631.82000
-287631.75000
-457176.90000
287630.96000
-287631.04000
287626.80000
-457171.80000
287626.80000
287626.60000
-457171.18000
287627.25000
287627.10000
-457172.04000
287626.96000
-287631.20000
287631.20000
-457176.20000
-287631.40000
287630.82000
-457176.75000
-287631.90000
287630.96000
-457176.04000
-457170.00000
-287627.00000
287627.00000
-457172.00000
-287630.00000
287624.00000
-457181.00000
-287638.00000
287640.00000
-287630.00000
-457172.00000
287624.00000
-287627.00000
-457170.00000
287627.00000
-287638.00000
-457181.00000
287640.00000
287620.00000
287620.00000
-457167.00000
287620.00000
287620.00000
-457167.00000
287631.00000
287631.00000
-457180.00000
